   1.08899999       1.00600004    
   1.06700003       1.05900002    
   1.04499996       1.01999998    
   1.02300000       1.00199997    
   1.00099993      0.977999985    
  0.978999972      0.986999989    
  0.957000017      0.966000021    
  0.935000002      0.980000019    
  0.912999988      0.957000017    
  0.890999973       1.01199996    
  0.868999958      0.924000025    
  0.847000003       1.03299999    
  0.824999988       1.03799999    
  0.802999973      0.995999992    
  0.781000018      0.947000027    
  0.759000003      0.950999975    
  0.736999989       1.02100003    
  0.714999974      0.995000005    
  0.692999959       1.00199997    
  0.671000004       1.01800001    
  0.648999989       1.04299998    
  0.626999974      0.986999989    
  0.605000019       1.03299999    
  0.583000004      0.996999979    
  0.560999990       1.05100000    
  0.538999975       1.03600001    
  0.516999960       1.01800001    
  0.495000005      0.987999976    
  0.472999990      0.976000011    
  0.450999975       1.05700004    
  0.429000020       1.00899994    
  0.407000005      0.961000025    
  0.384999990       1.05100000    
  0.362999976      0.989000022    
  0.340999961      0.930000007    
  0.319000006      0.982999980    
  0.296999991      0.976999998    
  0.274999976       1.05100000    
  0.253000021       1.07799995    
  0.231000006       1.00800002    
  0.208999991       1.00800002    
  0.186999977      0.990999997    
  0.164999962       1.02800000    
  0.143000007      0.939000010    
  0.120999992       1.01300001    
   9.89999771E-02   1.05100000    
   7.70000219E-02   1.00000000    
   5.49999475E-02  0.968999982    
   3.29999924E-02   1.01699996    
   1.10000372E-02   1.00199997    
  -1.10000372E-02   1.01400006    
  -3.29999924E-02   1.02199996    
  -5.50000668E-02   1.05499995    
  -7.70000219E-02   1.00699997    
  -9.89999771E-02  0.941999972    
 -0.121000051      0.987999976    
 -0.143000007      0.981000006    
 -0.164999962       1.05799997    
 -0.187000036       1.03100002    
 -0.208999991       1.02300000    
 -0.230999947      0.963999987    
 -0.253000021       1.00100005    
 -0.274999976      0.949000001    
 -0.297000051       1.05299997    
 -0.319000006      0.982999980    
 -0.340999961      0.987999976    
 -0.363000035      0.981000006    
 -0.384999990      0.944000006    
 -0.407000065       1.00899994    
 -0.429000020       1.03499997    
 -0.450999975       1.00800002    
 -0.473000050      0.973999977    
 -0.495000005      0.972000003    
 -0.516999960       1.00899994    
 -0.539000034      0.998000026    
 -0.560999990       1.09700000    
 -0.582999945      0.986999989    
 -0.605000019      0.976000011    
 -0.626999974       1.01900005    
 -0.649000049      0.964999974    
 -0.671000004      0.981000006    
 -0.692999959      0.972000003    
 -0.715000033      0.996999979    
 -0.736999989      0.991999984    
 -0.759000063      0.990999997    
 -0.781000018      0.973999977    
 -0.802999973      0.967999995    
 -0.825000048      0.998000026    
 -0.847000003      0.990999997    
 -0.868999958       1.00000000    
 -0.891000032      0.975000024    
 -0.913000107      0.999000013    
 -0.934999943      0.966000021    
 -0.957000017      0.984000027    
 -0.979000092      0.953999996    
  -1.00099993      0.991999984    
  -1.02300000       1.00699997    
  -1.04500008       1.03299999    
  -1.06699991       1.05100000    
  -1.08899999       1.00699997    
