   1.08899999       1.02300000    
   1.06700003       1.01699996    
   1.04499996      0.958000004    
   1.02300000      0.972000003    
   1.00099993      0.954999983    
  0.978999972      0.912000000    
  0.957000017       1.00000005E-03
  0.935000002       0.00000000    
  0.912999988       1.09999999E-02
  0.890999973       1.20000001E-02
  0.868999958       1.89999994E-02
  0.847000003       2.50000004E-02
  0.824999988       3.40000018E-02
  0.802999973       3.40000018E-02
  0.781000018       5.99999987E-02
  0.759000003       6.59999996E-02
  0.736999989       9.89999995E-02
  0.714999974       9.30000022E-02
  0.692999959      0.105999999    
  0.671000004      0.131999999    
  0.648999989      0.151999995    
  0.626999974      0.169000000    
  0.605000019      0.200000003    
  0.583000004      0.210999995    
  0.560999990      0.239999995    
  0.538999975      0.256000012    
  0.516999960      0.296000004    
  0.495000005      0.356999993    
  0.472999990      0.368000001    
  0.450999975      0.400999993    
  0.429000020      0.446999997    
  0.407000005      0.479999989    
  0.384999990      0.509000003    
  0.362999976      0.561999977    
  0.340999961      0.601000011    
  0.319000006      0.652999997    
  0.296999991      0.728999972    
  0.274999976      0.772000015    
  0.253000021      0.816999972    
  0.231000006      0.904999971    
  0.208999991      0.940999985    
  0.186999977       1.00999999    
  0.164999962       1.08000004    
  0.143000007       1.12199998    
  0.120999992       1.24600005    
   9.89999771E-02   1.22800004    
   7.70000219E-02   1.34000003    
   5.49999475E-02   1.42999995    
   3.29999924E-02   1.49000001    
   1.10000372E-02   1.71399999    
  -1.10000372E-02   1.94200003    
  -3.29999924E-02   1.91499996    
  -5.50000668E-02   2.05999994    
  -7.70000219E-02   1.87899995    
  -9.89999771E-02   1.81599998    
 -0.121000051       1.81400001    
 -0.143000007       1.78799999    
 -0.164999962       1.72300005    
 -0.187000036       1.80200005    
 -0.208999991       1.66700006    
 -0.230999947       1.66799998    
 -0.253000021       1.62800002    
 -0.274999976       1.53299999    
 -0.297000051       1.53600001    
 -0.319000006       1.50300002    
 -0.340999961       1.51900005    
 -0.363000035       1.43599999    
 -0.384999990       1.40999997    
 -0.407000065       1.34599996    
 -0.429000020       1.34899998    
 -0.450999975       1.31400001    
 -0.473000050       1.29100001    
 -0.495000005       1.27100003    
 -0.516999960       1.28100002    
 -0.539000034       1.29900002    
 -0.560999990       1.15699995    
 -0.582999945       1.18400002    
 -0.605000019       1.12899995    
 -0.626999974       1.12000000    
 -0.649000049       1.15499997    
 -0.671000004       1.16799998    
 -0.692999959       1.09700000    
 -0.715000033       1.07799995    
 -0.736999989       1.03600001    
 -0.759000063       1.07500005    
 -0.781000018       1.00000000    
 -0.802999973      0.975000024    
 -0.825000048       1.08700001    
 -0.847000003       1.07900000    
 -0.868999958       1.03699994    
 -0.891000032       1.03100002    
 -0.913000107       1.02800000    
 -0.934999943      0.995000005    
 -0.957000017      0.990000010    
 -0.979000092       1.00300002    
  -1.00099993       1.06200004    
  -1.02300000      0.995999992    
  -1.04500008      0.971000016    
  -1.06699991       1.00199997    
  -1.08899999       1.04400003    
