   1.08899999       0.00000000    
   1.06700003       0.00000000    
   1.04499996       0.00000000    
   1.02300000       0.00000000    
   1.00099993       0.00000000    
  0.978999972       0.00000000    
  0.957000017       0.00000000    
  0.935000002       0.00000000    
  0.912999988       0.00000000    
  0.890999973       0.00000000    
  0.868999958       0.00000000    
  0.847000003       0.00000000    
  0.824999988       0.00000000    
  0.802999973       0.00000000    
  0.781000018       0.00000000    
  0.759000003       0.00000000    
  0.736999989       0.00000000    
  0.714999974       0.00000000    
  0.692999959       0.00000000    
  0.671000004       0.00000000    
  0.648999989       0.00000000    
  0.626999974       0.00000000    
  0.605000019       0.00000000    
  0.583000004       0.00000000    
  0.560999990       0.00000000    
  0.538999975       0.00000000    
  0.516999960       0.00000000    
  0.495000005       0.00000000    
  0.472999990       0.00000000    
  0.450999975       0.00000000    
  0.429000020       0.00000000    
  0.407000005       0.00000000    
  0.384999990       0.00000000    
  0.362999976       0.00000000    
  0.340999961       0.00000000    
  0.319000006       0.00000000    
  0.296999991       0.00000000    
  0.274999976       0.00000000    
  0.253000021       0.00000000    
  0.231000006       0.00000000    
  0.208999991       0.00000000    
  0.186999977       0.00000000    
  0.164999962       0.00000000    
  0.143000007       0.00000000    
  0.120999992       0.00000000    
   9.89999771E-02   0.00000000    
   7.70000219E-02   0.00000000    
   5.49999475E-02   0.00000000    
   3.29999924E-02  0.500000000    
   1.10000372E-02  0.699999988    
  -1.10000372E-02   1.50000000    
  -3.29999924E-02   1.79999995    
  -5.50000668E-02   2.09999990    
  -7.70000219E-02   1.70000005    
  -9.89999771E-02   2.40000010    
 -0.121000051       1.70000005    
 -0.143000007       2.09999990    
 -0.164999962       1.29999995    
 -0.187000036       2.00000000    
 -0.208999991       2.29999995    
 -0.230999947       2.29999995    
 -0.253000021       1.60000002    
 -0.274999976       1.79999995    
 -0.297000051       2.50000000    
 -0.319000006       2.40000010    
 -0.340999961       1.29999995    
 -0.363000035       1.79999995    
 -0.384999990       1.50000000    
 -0.407000065       2.40000010    
 -0.429000020       1.29999995    
 -0.450999975       2.20000005    
 -0.473000050       1.89999998    
 -0.495000005       1.60000002    
 -0.516999960       2.40000010    
 -0.539000034       1.89999998    
 -0.560999990       2.20000005    
 -0.582999945       1.60000002    
 -0.605000019       1.39999998    
 -0.626999974       1.79999995    
 -0.649000049       1.29999995    
 -0.671000004       1.89999998    
 -0.692999959       2.09999990    
 -0.715000033       2.20000005    
 -0.736999989       2.09999990    
 -0.759000063       2.09999990    
 -0.781000018       1.89999998    
 -0.802999973       2.40000010    
 -0.825000048       2.00000000    
 -0.847000003       1.89999998    
 -0.868999958       1.89999998    
 -0.891000032       2.40000010    
 -0.913000107       2.29999995    
 -0.934999943       1.89999998    
 -0.957000017       3.00000000    
 -0.979000092       2.00000000    
  -1.00099993       1.50000000    
  -1.02300000       2.50000000    
  -1.04500008       2.40000010    
  -1.06699991       1.89999998    
  -1.08899999       1.79999995    
