   1.08899999      0.987999976    
   1.06700003       1.04499996    
   1.04499996       1.01600003    
   1.02300000       1.01699996    
   1.00099993      0.935999990    
  0.978999972      0.913999975    
  0.957000017       1.00000005E-03
  0.935000002       0.00000000    
  0.912999988       7.00000022E-03
  0.890999973       1.40000004E-02
  0.868999958       1.79999992E-02
  0.847000003       3.09999995E-02
  0.824999988       3.09999995E-02
  0.802999973       3.29999998E-02
  0.781000018       4.10000011E-02
  0.759000003       5.29999994E-02
  0.736999989       7.59999976E-02
  0.714999974       8.60000029E-02
  0.692999959      0.128000006    
  0.671000004      0.120999999    
  0.648999989      0.159999996    
  0.626999974      0.180000007    
  0.605000019      0.178000003    
  0.583000004      0.213000000    
  0.560999990      0.261999995    
  0.538999975      0.289000005    
  0.516999960      0.266000003    
  0.495000005      0.312000006    
  0.472999990      0.388000011    
  0.450999975      0.423000008    
  0.429000020      0.451000005    
  0.407000005      0.504999995    
  0.384999990      0.546000004    
  0.362999976      0.592000008    
  0.340999961      0.651000023    
  0.319000006      0.689999998    
  0.296999991      0.726000011    
  0.274999976      0.778999984    
  0.253000021      0.851999998    
  0.231000006      0.908999979    
  0.208999991      0.930000007    
  0.186999977      0.985000014    
  0.164999962       1.05799997    
  0.143000007       1.12800002    
  0.120999992       1.20299995    
   9.89999771E-02   1.24699998    
   7.70000219E-02   1.26699996    
   5.49999475E-02   1.33299994    
   3.29999924E-02   1.40199995    
   1.10000372E-02   1.76699996    
  -1.10000372E-02   1.97500002    
  -3.29999924E-02   1.91600001    
  -5.50000668E-02   1.95799994    
  -7.70000219E-02   1.93200004    
  -9.89999771E-02   1.92600000    
 -0.121000051       1.86399996    
 -0.143000007       1.81900001    
 -0.164999962       1.63499999    
 -0.187000036       1.75600004    
 -0.208999991       1.62199998    
 -0.230999947       1.69900000    
 -0.253000021       1.66799998    
 -0.274999976       1.59899998    
 -0.297000051       1.63699996    
 -0.319000006       1.53100002    
 -0.340999961       1.43499994    
 -0.363000035       1.48000002    
 -0.384999990       1.39100003    
 -0.407000065       1.36099994    
 -0.429000020       1.37399995    
 -0.450999975       1.36300004    
 -0.473000050       1.29799998    
 -0.495000005       1.26999998    
 -0.516999960       1.23699999    
 -0.539000034       1.28299999    
 -0.560999990       1.16700006    
 -0.582999945       1.25699997    
 -0.605000019       1.11300004    
 -0.626999974       1.13600004    
 -0.649000049       1.18499994    
 -0.671000004       1.10699999    
 -0.692999959       1.08000004    
 -0.715000033       1.07799995    
 -0.736999989       1.02100003    
 -0.759000063       1.04499996    
 -0.781000018       1.03400004    
 -0.802999973       1.04900002    
 -0.825000048      0.994000018    
 -0.847000003       1.01499999    
 -0.868999958       1.00600004    
 -0.891000032       1.02600002    
 -0.913000107       1.00199997    
 -0.934999943      0.991999984    
 -0.957000017       1.01999998    
 -0.979000092      0.981999993    
  -1.00099993      0.948000014    
  -1.02300000      0.934000015    
  -1.04500008      0.990999997    
  -1.06699991      0.981999993    
  -1.08899999      0.984000027    
