   1.08899999       1.01199996    
   1.06700003       1.01300001    
   1.04499996       1.01600003    
   1.02300000      0.994000018    
   1.00099993      0.989000022    
  0.978999972      0.930999994    
  0.957000017      0.620999992    
  0.935000002      0.583000004    
  0.912999988      0.569999993    
  0.890999973      0.615000010    
  0.868999958      0.588000000    
  0.847000003      0.572000027    
  0.824999988      0.635999978    
  0.802999973      0.620999992    
  0.781000018      0.611999989    
  0.759000003      0.583000004    
  0.736999989      0.582000017    
  0.714999974      0.610000014    
  0.692999959      0.578000009    
  0.671000004      0.629999995    
  0.648999989      0.554000020    
  0.626999974      0.566999972    
  0.605000019      0.589999974    
  0.583000004      0.589999974    
  0.560999990      0.566999972    
  0.538999975      0.607999980    
  0.516999960      0.554000020    
  0.495000005      0.605000019    
  0.472999990      0.606000006    
  0.450999975      0.531000018    
  0.429000020      0.577000022    
  0.407000005      0.552999973    
  0.384999990      0.574000001    
  0.362999976      0.601999998    
  0.340999961      0.584999979    
  0.319000006      0.554000020    
  0.296999991      0.626999974    
  0.274999976      0.630999982    
  0.253000021      0.642000020    
  0.231000006      0.685999990    
  0.208999991      0.704999983    
  0.186999977      0.713000000    
  0.164999962      0.824000001    
  0.143000007      0.795000017    
  0.120999992      0.880999982    
   9.89999771E-02  0.968999982    
   7.70000219E-02   1.01400006    
   5.49999475E-02   1.05999994    
   3.29999924E-02   1.11300004    
   1.10000372E-02   1.42499995    
  -1.10000372E-02   1.58500004    
  -3.29999924E-02   1.63199997    
  -5.50000668E-02   1.64199996    
  -7.70000219E-02   1.60000002    
  -9.89999771E-02   1.55599999    
 -0.121000051       1.54100001    
 -0.143000007       1.53100002    
 -0.164999962       1.39600003    
 -0.187000036       1.42999995    
 -0.208999991       1.30900002    
 -0.230999947       1.38999999    
 -0.253000021       1.34200001    
 -0.274999976       1.31500006    
 -0.297000051       1.37100005    
 -0.319000006       1.31799996    
 -0.340999961       1.24199998    
 -0.363000035       1.19400001    
 -0.384999990       1.12000000    
 -0.407000065       1.23199999    
 -0.429000020       1.17999995    
 -0.450999975       1.19900000    
 -0.473000050       1.14499998    
 -0.495000005       1.15600002    
 -0.516999960       1.11199999    
 -0.539000034       1.09700000    
 -0.560999990       1.11000001    
 -0.582999945       1.11300004    
 -0.605000019       1.08299994    
 -0.626999974       1.09700000    
 -0.649000049       1.06599998    
 -0.671000004       1.06400001    
 -0.692999959       1.08899999    
 -0.715000033       1.05299997    
 -0.736999989      0.967999995    
 -0.759000063       1.06400001    
 -0.781000018       1.04499996    
 -0.802999973       1.05100000    
 -0.825000048       1.03999996    
 -0.847000003       1.05299997    
 -0.868999958       1.01600003    
 -0.891000032       1.02999997    
 -0.913000107       1.02800000    
 -0.934999943       1.00800002    
 -0.957000017      0.962000012    
 -0.979000092      0.986999989    
  -1.00099993       1.04400003    
  -1.02300000      0.980000019    
  -1.04500008      0.991999984    
  -1.06699991      0.954999983    
  -1.08899999       1.00100005    
