   1.08899999      0.991999984    
   1.06700003      0.993900001    
   1.04499996      0.998499990    
   1.02300000       1.00419998    
   1.00099993       1.00569999    
  0.978999972      0.966099977    
  0.957000017      0.601800025    
  0.935000002      0.596599996    
  0.912999988      0.609000027    
  0.890999973      0.617999971    
  0.868999958      0.604700029    
  0.847000003      0.603399992    
  0.824999988      0.587300003    
  0.802999973      0.589399993    
  0.781000018      0.608799994    
  0.759000003      0.591199994    
  0.736999989      0.589500010    
  0.714999974      0.593100011    
  0.692999959      0.587100029    
  0.671000004      0.578499973    
  0.648999989      0.586700022    
  0.626999974      0.580799997    
  0.605000019      0.578499973    
  0.583000004      0.575800002    
  0.560999990      0.575200021    
  0.538999975      0.574400008    
  0.516999960      0.563499987    
  0.495000005      0.565400004    
  0.472999990      0.576200008    
  0.450999975      0.557600021    
  0.429000020      0.565500021    
  0.407000005      0.563600004    
  0.384999990      0.569100022    
  0.362999976      0.581499994    
  0.340999961      0.590399981    
  0.319000006      0.584900022    
  0.296999991      0.609499991    
  0.274999976      0.609200001    
  0.253000021      0.647300005    
  0.231000006      0.677800000    
  0.208999991      0.705399990    
  0.186999977      0.725899994    
  0.164999962      0.758700013    
  0.143000007      0.819599986    
  0.120999992      0.893000007    
   9.89999771E-02  0.967299998    
   7.70000219E-02  0.999400020    
   5.49999475E-02   1.05289996    
   3.29999924E-02   1.10959995    
   1.10000372E-02   1.39470005    
  -1.10000372E-02   1.64740002    
  -3.29999924E-02   1.65209997    
  -5.50000668E-02   1.60769999    
  -7.70000219E-02   1.58759999    
  -9.89999771E-02   1.55490005    
 -0.121000051       1.53729999    
 -0.143000007       1.50250006    
 -0.164999962       1.47049999    
 -0.187000036       1.42229998    
 -0.208999991       1.40690005    
 -0.230999947       1.36240005    
 -0.253000021       1.35220003    
 -0.274999976       1.29630005    
 -0.297000051       1.26569998    
 -0.319000006       1.25740004    
 -0.340999961       1.25160003    
 -0.363000035       1.23759997    
 -0.384999990       1.21000004    
 -0.407000065       1.20330000    
 -0.429000020       1.17879999    
 -0.450999975       1.19350004    
 -0.473000050       1.16579998    
 -0.495000005       1.13240004    
 -0.516999960       1.12090003    
 -0.539000034       1.11930001    
 -0.560999990       1.10319996    
 -0.582999945       1.09469998    
 -0.605000019       1.10810006    
 -0.626999974       1.06690001    
 -0.649000049       1.09920001    
 -0.671000004       1.06949997    
 -0.692999959       1.05200005    
 -0.715000033       1.07969999    
 -0.736999989       1.05180001    
 -0.759000063       1.05710006    
 -0.781000018       1.02810001    
 -0.802999973       1.02550006    
 -0.825000048       1.03129995    
 -0.847000003       1.02690005    
 -0.868999958      0.996200025    
 -0.891000032       1.01789999    
 -0.913000107      0.992600024    
 -0.934999943       1.00890005    
 -0.957000017       1.00109994    
 -0.979000092      0.992600024    
  -1.00099993       1.01020002    
  -1.02300000      0.993600011    
  -1.04500008      0.998799980    
  -1.06699991      0.988200009    
  -1.08899999       1.00150001    
