   1.08899999      0.994000018    
   1.06700003      0.982999980    
   1.04499996      0.976000011    
   1.02300000      0.953000009    
   1.00099993      0.966000021    
  0.978999972      0.865999997    
  0.957000017       0.00000000    
  0.935000002       3.00000003E-03
  0.912999988       7.00000022E-03
  0.890999973       1.20000001E-02
  0.868999958       1.20000001E-02
  0.847000003       2.60000005E-02
  0.824999988       2.50000004E-02
  0.802999973       3.79999988E-02
  0.781000018       5.09999990E-02
  0.759000003       5.99999987E-02
  0.736999989       8.20000023E-02
  0.714999974      0.108999997    
  0.692999959       9.79999974E-02
  0.671000004      0.142000005    
  0.648999989      0.165000007    
  0.626999974      0.158999994    
  0.605000019      0.208000004    
  0.583000004      0.230000004    
  0.560999990      0.252000004    
  0.538999975      0.287999988    
  0.516999960      0.291999996    
  0.495000005      0.328999996    
  0.472999990      0.370999992    
  0.450999975      0.421999991    
  0.429000020      0.451999992    
  0.407000005      0.509999990    
  0.384999990      0.560999990    
  0.362999976      0.634999990    
  0.340999961      0.638999999    
  0.319000006      0.677999973    
  0.296999991      0.703000009    
  0.274999976      0.796999991    
  0.253000021      0.851999998    
  0.231000006      0.899999976    
  0.208999991      0.986000001    
  0.186999977       1.00899994    
  0.164999962       1.06599998    
  0.143000007       1.13399994    
  0.120999992       1.24100006    
   9.89999771E-02   1.24800003    
   7.70000219E-02   1.27400005    
   5.49999475E-02   1.36199999    
   3.29999924E-02   1.44200003    
   1.10000372E-02   1.62500000    
  -1.10000372E-02   2.00699997    
  -3.29999924E-02   1.93900001    
  -5.50000668E-02   1.96000004    
  -7.70000219E-02   1.87500000    
  -9.89999771E-02   1.94099998    
 -0.121000051       1.93299997    
 -0.143000007       1.80499995    
 -0.164999962       1.71300006    
 -0.187000036       1.68599999    
 -0.208999991       1.66400003    
 -0.230999947       1.71300006    
 -0.253000021       1.64100003    
 -0.274999976       1.60899997    
 -0.297000051       1.58700001    
 -0.319000006       1.51499999    
 -0.340999961       1.43099999    
 -0.363000035       1.42499995    
 -0.384999990       1.45099998    
 -0.407000065       1.34800005    
 -0.429000020       1.32000005    
 -0.450999975       1.36199999    
 -0.473000050       1.25699997    
 -0.495000005       1.26900005    
 -0.516999960       1.25300002    
 -0.539000034       1.22800004    
 -0.560999990       1.18900001    
 -0.582999945       1.20500004    
 -0.605000019       1.16499996    
 -0.626999974       1.18400002    
 -0.649000049       1.05400002    
 -0.671000004       1.11600006    
 -0.692999959       1.05999994    
 -0.715000033       1.01999998    
 -0.736999989       1.08200002    
 -0.759000063       1.05299997    
 -0.781000018       1.07000005    
 -0.802999973       1.03100002    
 -0.825000048      0.980000019    
 -0.847000003       1.04299998    
 -0.868999958       1.03600001    
 -0.891000032       1.01699996    
 -0.913000107      0.976999998    
 -0.934999943       1.00399995    
 -0.957000017      0.961000025    
 -0.979000092       1.01900005    
  -1.00099993       1.01400006    
  -1.02300000      0.989000022    
  -1.04500008       1.06799996    
  -1.06699991      0.982999980    
  -1.08899999       1.06799996    
