   1.08899999      0.986699998    
   1.06700003      0.986500025    
   1.04499996      0.980899990    
   1.02300000      0.984499991    
   1.00099993      0.994400024    
  0.978999972      0.985800028    
  0.957000017       1.00349998    
  0.935000002       1.00109994    
  0.912999988       1.01040006    
  0.890999973      0.997399986    
  0.868999958      0.993900001    
  0.847000003      0.995599985    
  0.824999988      0.997500002    
  0.802999973      0.997500002    
  0.781000018       1.00810003    
  0.759000003      0.997500002    
  0.736999989       1.02380002    
  0.714999974       1.00839996    
  0.692999959      0.992600024    
  0.671000004       1.00070000    
  0.648999989       1.00580001    
  0.626999974      0.991599977    
  0.605000019      0.998099983    
  0.583000004      0.996100008    
  0.560999990      0.999000013    
  0.538999975       1.00329995    
  0.516999960      0.998600006    
  0.495000005      0.988900006    
  0.472999990      0.981000006    
  0.450999975       1.00610006    
  0.429000020      0.994400024    
  0.407000005       1.01259995    
  0.384999990       1.00569999    
  0.362999976      0.994899988    
  0.340999961       1.01559997    
  0.319000006      0.998799980    
  0.296999991      0.992699981    
  0.274999976      0.996599972    
  0.253000021      0.996599972    
  0.231000006       1.00000000    
  0.208999991       1.00660002    
  0.186999977      0.998399973    
  0.164999962       1.00300002    
  0.143000007      0.983600020    
  0.120999992       1.00559998    
   9.89999771E-02   1.00290000    
   7.70000219E-02   1.01370001    
   5.49999475E-02   1.00170004    
   3.29999924E-02   1.00070000    
   1.10000372E-02  0.997600019    
  -1.10000372E-02  0.998899996    
  -3.29999924E-02  0.998700023    
  -5.50000668E-02   1.01900005    
  -7.70000219E-02   1.01789999    
  -9.89999771E-02   1.00510001    
 -0.121000051       1.02079999    
 -0.143000007       1.00800002    
 -0.164999962      0.991400003    
 -0.187000036      0.997099996    
 -0.208999991       1.00590003    
 -0.230999947       1.01129997    
 -0.253000021      0.992399991    
 -0.274999976      0.999899983    
 -0.297000051      0.995299995    
 -0.319000006       1.00489998    
 -0.340999961      0.999499977    
 -0.363000035       1.00530005    
 -0.384999990      0.994099975    
 -0.407000065      0.992600024    
 -0.429000020       1.00349998    
 -0.450999975      0.988200009    
 -0.473000050       1.01180005    
 -0.495000005       1.02300000    
 -0.516999960       1.01699996    
 -0.539000034       1.00360000    
 -0.560999990       1.00049996    
 -0.582999945      0.984000027    
 -0.605000019       1.01409996    
 -0.626999974       1.00680006    
 -0.649000049      0.999000013    
 -0.671000004       1.02190006    
 -0.692999959      0.994400024    
 -0.715000033       1.00530005    
 -0.736999989      0.995999992    
 -0.759000063      0.982999980    
 -0.781000018       1.02690005    
 -0.802999973      0.998099983    
 -0.825000048      0.997900009    
 -0.847000003      0.986699998    
 -0.868999958       1.00170004    
 -0.891000032      0.998899996    
 -0.913000107       1.01230001    
 -0.934999943      0.978200018    
 -0.957000017      0.995700002    
 -0.979000092      0.995100021    
  -1.00099993      0.980599999    
  -1.02300000      0.996599972    
  -1.04500008      0.997300029    
  -1.06699991      0.982599974    
  -1.08899999       1.00419998    
