   1.08899999       1.00999999    
   1.06700003       1.07000005    
   1.04499996       1.02999997    
   1.02300000       1.34000003    
   1.00099993       1.05999994    
  0.978999972      0.970000029    
  0.957000017      0.970000029    
  0.935000002       1.04999995    
  0.912999988       1.11000001    
  0.890999973       1.00000000    
  0.868999958      0.860000014    
  0.847000003       1.00999999    
  0.824999988      0.990000010    
  0.802999973      0.959999979    
  0.781000018       1.09000003    
  0.759000003      0.970000029    
  0.736999989       1.14999998    
  0.714999974      0.990000010    
  0.692999959       1.00000000    
  0.671000004       1.00999999    
  0.648999989       1.05999994    
  0.626999974      0.949999988    
  0.605000019       1.00999999    
  0.583000004       1.01999998    
  0.560999990       1.13999999    
  0.538999975      0.959999979    
  0.516999960       1.04999995    
  0.495000005      0.860000014    
  0.472999990      0.759999990    
  0.450999975       1.01999998    
  0.429000020      0.959999979    
  0.407000005       1.14999998    
  0.384999990      0.980000019    
  0.362999976      0.910000026    
  0.340999961      0.879999995    
  0.319000006      0.990000010    
  0.296999991      0.870000005    
  0.274999976       1.08000004    
  0.253000021      0.870000005    
  0.231000006      0.990000010    
  0.208999991       1.05999994    
  0.186999977       1.01999998    
  0.164999962      0.990000010    
  0.143000007      0.970000029    
  0.120999992      0.920000017    
   9.89999771E-02  0.899999976    
   7.70000219E-02  0.949999988    
   5.49999475E-02   1.02999997    
   3.29999924E-02  0.970000029    
   1.10000372E-02   1.07000005    
  -1.10000372E-02   1.10000002    
  -3.29999924E-02  0.949999988    
  -5.50000668E-02   1.00999999    
  -7.70000219E-02   1.13000000    
  -9.89999771E-02   1.13000000    
 -0.121000051       1.05999994    
 -0.143000007       1.13999999    
 -0.164999962      0.990000010    
 -0.187000036       1.00000000    
 -0.208999991      0.899999976    
 -0.230999947      0.879999995    
 -0.253000021      0.949999988    
 -0.274999976      0.920000017    
 -0.297000051       1.10000002    
 -0.319000006      0.970000029    
 -0.340999961       1.07000005    
 -0.363000035      0.769999981    
 -0.384999990       1.11000001    
 -0.407000065      0.889999986    
 -0.429000020      0.910000026    
 -0.450999975       1.13000000    
 -0.473000050      0.990000010    
 -0.495000005       1.00000000    
 -0.516999960       1.01999998    
 -0.539000034       1.00000000    
 -0.560999990      0.949999988    
 -0.582999945       1.04999995    
 -0.605000019      0.959999979    
 -0.626999974       1.03999996    
 -0.649000049      0.970000029    
 -0.671000004      0.990000010    
 -0.692999959       1.13999999    
 -0.715000033      0.920000017    
 -0.736999989       1.13000000    
 -0.759000063      0.870000005    
 -0.781000018       1.12000000    
 -0.802999973      0.980000019    
 -0.825000048      0.930000007    
 -0.847000003      0.970000029    
 -0.868999958       1.13000000    
 -0.891000032       1.02999997    
 -0.913000107       1.16999996    
 -0.934999943      0.889999986    
 -0.957000017       1.09000003    
 -0.979000092      0.980000019    
  -1.00099993      0.899999976    
  -1.02300000      0.870000005    
  -1.04500008      0.970000029    
  -1.06699991      0.889999986    
  -1.08899999      0.910000026    
