   1.08899999      0.985000014    
   1.06700003      0.976000011    
   1.04499996       1.01499999    
   1.02300000      0.976000011    
   1.00099993      0.976999998    
  0.978999972      0.967999995    
  0.957000017       1.08099997    
  0.935000002       1.05700004    
  0.912999988      0.999000013    
  0.890999973       1.04100001    
  0.868999958       1.02199996    
  0.847000003      0.980000019    
  0.824999988       1.02600002    
  0.802999973       1.02100003    
  0.781000018       1.01499999    
  0.759000003       1.01600003    
  0.736999989       1.01800001    
  0.714999974      0.998000026    
  0.692999959      0.977999985    
  0.671000004       1.04499996    
  0.648999989      0.986999989    
  0.626999974       1.01600003    
  0.605000019      0.985000014    
  0.583000004      0.963000000    
  0.560999990      0.986999989    
  0.538999975      0.935999990    
  0.516999960       1.01400006    
  0.495000005       1.02699995    
  0.472999990       1.00000000    
  0.450999975       1.02400005    
  0.429000020      0.998000026    
  0.407000005      0.990000010    
  0.384999990       1.00999999    
  0.362999976       1.04100001    
  0.340999961      0.972999990    
  0.319000006       1.01300001    
  0.296999991      0.935000002    
  0.274999976      0.961000025    
  0.253000021      0.943000019    
  0.231000006       1.01600003    
  0.208999991      0.978999972    
  0.186999977       1.00399995    
  0.164999962       1.01900005    
  0.143000007       1.00899994    
  0.120999992      0.990000010    
   9.89999771E-02   1.05100000    
   7.70000219E-02  0.980000019    
   5.49999475E-02   1.03799999    
   3.29999924E-02  0.980000019    
   1.10000372E-02   1.00000000    
  -1.10000372E-02  0.985000014    
  -3.29999924E-02  0.998000026    
  -5.50000668E-02  0.926999986    
  -7.70000219E-02  0.957000017    
  -9.89999771E-02  0.970000029    
 -0.121000051      0.955999970    
 -0.143000007       1.02800000    
 -0.164999962      0.984000027    
 -0.187000036       1.00899994    
 -0.208999991       1.03999996    
 -0.230999947       1.05100000    
 -0.253000021       1.04700005    
 -0.274999976       1.00199997    
 -0.297000051       1.03600001    
 -0.319000006      0.935999990    
 -0.340999961      0.966000021    
 -0.363000035       1.01800001    
 -0.384999990       1.01499999    
 -0.407000065      0.999000013    
 -0.429000020       1.04600000    
 -0.450999975      0.949999988    
 -0.473000050      0.995999992    
 -0.495000005      0.975000024    
 -0.516999960       1.00399995    
 -0.539000034       1.04499996    
 -0.560999990       1.00500000    
 -0.582999945      0.982999980    
 -0.605000019      0.994000018    
 -0.626999974      0.964999974    
 -0.649000049       1.00600004    
 -0.671000004      0.989000022    
 -0.692999959       1.01999998    
 -0.715000033       1.08099997    
 -0.736999989       1.01499999    
 -0.759000063      0.981999993    
 -0.781000018       1.04400003    
 -0.802999973      0.994000018    
 -0.825000048      0.936999977    
 -0.847000003       1.01900005    
 -0.868999958       1.02999997    
 -0.891000032      0.957000017    
 -0.913000107      0.963000000    
 -0.934999943      0.994000018    
 -0.957000017       1.02100003    
 -0.979000092       1.03100002    
  -1.00099993       1.00600004    
  -1.02300000      0.957000017    
  -1.04500008       1.00800002    
  -1.06699991       1.01999998    
  -1.08899999      0.976000011    
