   1.08899999      0.999000013    
   1.06700003      0.989000022    
   1.04499996       1.00300002    
   1.02300000       1.01699996    
   1.00099993      0.998000026    
  0.978999972      0.879000008    
  0.957000017       0.00000000    
  0.935000002       3.00000003E-03
  0.912999988       8.99999961E-03
  0.890999973       1.09999999E-02
  0.868999958       6.00000005E-03
  0.847000003       1.60000008E-02
  0.824999988       2.70000007E-02
  0.802999973       3.59999985E-02
  0.781000018       5.09999990E-02
  0.759000003       6.89999983E-02
  0.736999989       8.20000023E-02
  0.714999974       8.90000015E-02
  0.692999959      0.128999993    
  0.671000004      0.134000003    
  0.648999989      0.141000003    
  0.626999974      0.172000006    
  0.605000019      0.207000002    
  0.583000004      0.222000003    
  0.560999990      0.238000005    
  0.538999975      0.263000011    
  0.516999960      0.296999991    
  0.495000005      0.330000013    
  0.472999990      0.375000000    
  0.450999975      0.397000015    
  0.429000020      0.456000000    
  0.407000005      0.504999995    
  0.384999990      0.552999973    
  0.362999976      0.564999998    
  0.340999961      0.596000016    
  0.319000006      0.652999997    
  0.296999991      0.666000009    
  0.274999976      0.802999973    
  0.253000021      0.847000003    
  0.231000006      0.887000024    
  0.208999991      0.957000017    
  0.186999977      0.978999972    
  0.164999962       1.10099995    
  0.143000007       1.16499996    
  0.120999992       1.14300001    
   9.89999771E-02   1.29299998    
   7.70000219E-02   1.28400004    
   5.49999475E-02   1.40600002    
   3.29999924E-02   1.39199996    
   1.10000372E-02   1.70799994    
  -1.10000372E-02   1.95599997    
  -3.29999924E-02   1.97500002    
  -5.50000668E-02   1.82400000    
  -7.70000219E-02   1.78499997    
  -9.89999771E-02   1.89300001    
 -0.121000051       1.85500002    
 -0.143000007       1.77499998    
 -0.164999962       1.75100005    
 -0.187000036       1.79499996    
 -0.208999991       1.66900003    
 -0.230999947       1.63800001    
 -0.253000021       1.67799997    
 -0.274999976       1.64900005    
 -0.297000051       1.56900001    
 -0.319000006       1.59599996    
 -0.340999961       1.48500001    
 -0.363000035       1.48000002    
 -0.384999990       1.39900005    
 -0.407000065       1.43400002    
 -0.429000020       1.32400000    
 -0.450999975       1.39199996    
 -0.473000050       1.33299994    
 -0.495000005       1.40300000    
 -0.516999960       1.28900003    
 -0.539000034       1.21000004    
 -0.560999990       1.20899999    
 -0.582999945       1.17299998    
 -0.605000019       1.14400005    
 -0.626999974       1.15300000    
 -0.649000049       1.11000001    
 -0.671000004       1.11300004    
 -0.692999959       1.10099995    
 -0.715000033       1.06099999    
 -0.736999989       1.08000004    
 -0.759000063       1.12000000    
 -0.781000018       1.04299998    
 -0.802999973      0.975000024    
 -0.825000048      0.952000022    
 -0.847000003       1.01600003    
 -0.868999958       1.05299997    
 -0.891000032       1.00600004    
 -0.913000107      0.980000019    
 -0.934999943      0.949999988    
 -0.957000017       1.01600003    
 -0.979000092       1.05999994    
  -1.00099993       1.01600003    
  -1.02300000      0.995000005    
  -1.04500008       1.02999997    
  -1.06699991      0.953999996    
  -1.08899999      0.998000026    
