   1.08899999      0.973999977    
   1.06700003       1.03100002    
   1.04499996      0.955999970    
   1.02300000       1.03699994    
   1.00099993       1.03999996    
  0.978999972      0.888000011    
  0.957000017       1.00000005E-03
  0.935000002       1.00000005E-03
  0.912999988       4.00000019E-03
  0.890999973       1.09999999E-02
  0.868999958       1.89999994E-02
  0.847000003       1.89999994E-02
  0.824999988       2.89999992E-02
  0.802999973       3.70000005E-02
  0.781000018       5.20000011E-02
  0.759000003       4.69999984E-02
  0.736999989       8.39999989E-02
  0.714999974       8.60000029E-02
  0.692999959      0.131999999    
  0.671000004      0.131999999    
  0.648999989      0.155000001    
  0.626999974      0.158999994    
  0.605000019      0.201000005    
  0.583000004      0.219999999    
  0.560999990      0.233999997    
  0.538999975      0.272000015    
  0.516999960      0.307000011    
  0.495000005      0.335000008    
  0.472999990      0.358999997    
  0.450999975      0.402000010    
  0.429000020      0.444999993    
  0.407000005      0.518999994    
  0.384999990      0.541000009    
  0.362999976      0.578999996    
  0.340999961      0.603999972    
  0.319000006      0.670000017    
  0.296999991      0.727999985    
  0.274999976      0.750999987    
  0.253000021      0.883000016    
  0.231000006      0.802999973    
  0.208999991      0.906000018    
  0.186999977      0.976000011    
  0.164999962       1.08200002    
  0.143000007       1.14100003    
  0.120999992       1.17900002    
   9.89999771E-02   1.31200004    
   7.70000219E-02   1.29700005    
   5.49999475E-02   1.40100002    
   3.29999924E-02   1.40499997    
   1.10000372E-02   1.70299995    
  -1.10000372E-02   2.01200008    
  -3.29999924E-02   2.00799990    
  -5.50000668E-02   1.91199994    
  -7.70000219E-02   1.93900001    
  -9.89999771E-02   1.91600001    
 -0.121000051       1.85000002    
 -0.143000007       1.83800006    
 -0.164999962       1.73000002    
 -0.187000036       1.77300000    
 -0.208999991       1.72899997    
 -0.230999947       1.66499996    
 -0.253000021       1.58500004    
 -0.274999976       1.59500003    
 -0.297000051       1.55999994    
 -0.319000006       1.56200004    
 -0.340999961       1.48300004    
 -0.363000035       1.45000005    
 -0.384999990       1.46399999    
 -0.407000065       1.39999998    
 -0.429000020       1.40699995    
 -0.450999975       1.28199995    
 -0.473000050       1.25500000    
 -0.495000005       1.22000003    
 -0.516999960       1.27100003    
 -0.539000034       1.25800002    
 -0.560999990       1.21599996    
 -0.582999945       1.26400006    
 -0.605000019       1.14699996    
 -0.626999974       1.16199994    
 -0.649000049       1.14999998    
 -0.671000004       1.10000002    
 -0.692999959       1.09200001    
 -0.715000033       1.08899999    
 -0.736999989       1.06299996    
 -0.759000063       1.07599998    
 -0.781000018       1.01300001    
 -0.802999973       1.04499996    
 -0.825000048       1.03299999    
 -0.847000003      0.994000018    
 -0.868999958      0.954999983    
 -0.891000032      0.998000026    
 -0.913000107       1.00600004    
 -0.934999943      0.996999979    
 -0.957000017       1.00699997    
 -0.979000092      0.972999990    
  -1.00099993       1.00000000    
  -1.02300000       1.07000005    
  -1.04500008      0.995999992    
  -1.06699991      0.975000024    
  -1.08899999       1.00800002    
