   1.08899999       1.10000002    
   1.06700003       1.00000000    
   1.04499996      0.699999988    
   1.02300000      0.400000006    
   1.00099993       1.10000002    
  0.978999972       1.50000000    
  0.957000017      0.899999976    
  0.935000002      0.899999976    
  0.912999988       1.20000005    
  0.890999973      0.800000012    
  0.868999958       1.00000000    
  0.847000003       1.00000000    
  0.824999988      0.899999976    
  0.802999973       1.00000000    
  0.781000018      0.600000024    
  0.759000003      0.899999976    
  0.736999989      0.800000012    
  0.714999974       1.00000000    
  0.692999959      0.800000012    
  0.671000004      0.800000012    
  0.648999989      0.500000000    
  0.626999974       1.39999998    
  0.605000019      0.699999988    
  0.583000004       1.00000000    
  0.560999990       1.10000002    
  0.538999975      0.899999976    
  0.516999960       1.10000002    
  0.495000005       1.20000005    
  0.472999990      0.600000024    
  0.450999975      0.800000012    
  0.429000020       1.70000005    
  0.407000005       1.00000000    
  0.384999990      0.699999988    
  0.362999976      0.600000024    
  0.340999961      0.800000012    
  0.319000006       1.20000005    
  0.296999991      0.800000012    
  0.274999976       1.10000002    
  0.253000021       1.60000002    
  0.231000006       1.20000005    
  0.208999991      0.500000000    
  0.186999977      0.899999976    
  0.164999962      0.800000012    
  0.143000007       1.10000002    
  0.120999992       1.29999995    
   9.89999771E-02   1.00000000    
   7.70000219E-02   1.70000005    
   5.49999475E-02   1.10000002    
   3.29999924E-02  0.600000024    
   1.10000372E-02   1.50000000    
  -1.10000372E-02  0.699999988    
  -3.29999924E-02   1.20000005    
  -5.50000668E-02   1.20000005    
  -7.70000219E-02  0.500000000    
  -9.89999771E-02   1.10000002    
 -0.121000051       1.20000005    
 -0.143000007      0.600000024    
 -0.164999962       1.20000005    
 -0.187000036      0.699999988    
 -0.208999991      0.899999976    
 -0.230999947       1.29999995    
 -0.253000021       1.50000000    
 -0.274999976      0.600000024    
 -0.297000051      0.699999988    
 -0.319000006      0.699999988    
 -0.340999961       1.10000002    
 -0.363000035       1.10000002    
 -0.384999990      0.800000012    
 -0.407000065      0.800000012    
 -0.429000020      0.899999976    
 -0.450999975       1.10000002    
 -0.473000050       1.50000000    
 -0.495000005       1.00000000    
 -0.516999960      0.899999976    
 -0.539000034       1.50000000    
 -0.560999990       1.00000000    
 -0.582999945      0.400000006    
 -0.605000019       1.70000005    
 -0.626999974      0.699999988    
 -0.649000049       1.29999995    
 -0.671000004       1.60000002    
 -0.692999959       1.20000005    
 -0.715000033       1.20000005    
 -0.736999989       1.60000002    
 -0.759000063       1.10000002    
 -0.781000018      0.899999976    
 -0.802999973       1.29999995    
 -0.825000048       1.39999998    
 -0.847000003      0.600000024    
 -0.868999958      0.500000000    
 -0.891000032       1.50000000    
 -0.913000107       1.29999995    
 -0.934999943      0.800000012    
 -0.957000017      0.600000024    
 -0.979000092       1.00000000    
  -1.00099993       1.00000000    
  -1.02300000      0.699999988    
  -1.04500008       1.10000002    
  -1.06699991      0.899999976    
  -1.08899999      0.899999976    
