   1.08899999       1.00425005    
   1.06700003      0.998449981    
   1.04499996      0.996580005    
   1.02300000      0.998759985    
   1.00099993       1.00208998    
  0.978999972       1.00056005    
  0.957000017       1.00430000    
  0.935000002       1.00083995    
  0.912999988      0.999549985    
  0.890999973      0.998160005    
  0.868999958       1.00076997    
  0.847000003       1.00270998    
  0.824999988      0.996039987    
  0.802999973      0.997380018    
  0.781000018       1.00076997    
  0.759000003      0.995280027    
  0.736999989      0.998109996    
  0.714999974       1.00060999    
  0.692999959       1.00399005    
  0.671000004      0.998350024    
  0.648999989       1.00294995    
  0.626999974      0.998130023    
  0.605000019      0.999040008    
  0.583000004      0.999040008    
  0.560999990      0.999239981    
  0.538999975       1.00153995    
  0.516999960      0.999700010    
  0.495000005      0.999870002    
  0.472999990      0.993460000    
  0.450999975       1.00741005    
  0.429000020       1.00700998    
  0.407000005      0.991649985    
  0.384999990      0.993849993    
  0.362999976      0.999899983    
  0.340999961      0.998269975    
  0.319000006       1.00395000    
  0.296999991       1.00564003    
  0.274999976       1.00437999    
  0.253000021      0.994579971    
  0.231000006      0.997990012    
  0.208999991       1.00088000    
  0.186999977       1.00218999    
  0.164999962       1.00660002    
  0.143000007       1.00294995    
  0.120999992      0.998549998    
   9.89999771E-02  0.995790005    
   7.70000219E-02   1.00557995    
   5.49999475E-02   1.00269997    
   3.29999924E-02  0.996869981    
   1.10000372E-02  0.999859989    
  -1.10000372E-02  0.996749997    
  -3.29999924E-02   1.00234997    
  -5.50000668E-02   1.00408006    
  -7.70000219E-02   1.00037003    
  -9.89999771E-02  0.997449994    
 -0.121000051       1.00053000    
 -0.143000007      0.999559999    
 -0.164999962       1.00624001    
 -0.187000036       1.00021994    
 -0.208999991      0.999650002    
 -0.230999947       1.00030994    
 -0.253000021       1.00204003    
 -0.274999976      0.997889996    
 -0.297000051       1.00063002    
 -0.319000006      0.999279976    
 -0.340999961      0.994449973    
 -0.363000035       1.00370002    
 -0.384999990      0.998719990    
 -0.407000065      0.999620020    
 -0.429000020       1.00276995    
 -0.450999975      0.995890021    
 -0.473000050       1.00514996    
 -0.495000005      0.996089995    
 -0.516999960      0.999450028    
 -0.539000034       1.00155997    
 -0.560999990       1.00018001    
 -0.582999945      0.999949992    
 -0.605000019      0.999319971    
 -0.626999974       1.00295997    
 -0.649000049      0.996559978    
 -0.671000004      0.993910015    
 -0.692999959       1.00700998    
 -0.715000033      0.996739984    
 -0.736999989      0.995570004    
 -0.759000063      0.993510008    
 -0.781000018      0.999549985    
 -0.802999973       1.00014997    
 -0.825000048      0.998220026    
 -0.847000003      0.998459995    
 -0.868999958       1.00229001    
 -0.891000032      0.996749997    
 -0.913000107       1.00462997    
 -0.934999943       1.00584996    
 -0.957000017      0.999880016    
 -0.979000092       1.00269997    
  -1.00099993       1.00176001    
  -1.02300000      0.997020006    
  -1.04500008      0.994790018    
  -1.06699991       1.00007999    
  -1.08899999       1.00029004    
