   1.08899999       1.01300001    
   1.06700003      0.989000022    
   1.04499996      0.986999989    
   1.02300000      0.944999993    
   1.00099993      0.973999977    
  0.978999972       1.00199997    
  0.957000017      0.628000021    
  0.935000002      0.577000022    
  0.912999988      0.578000009    
  0.890999973      0.572000027    
  0.868999958      0.592999995    
  0.847000003      0.578999996    
  0.824999988      0.637000024    
  0.802999973      0.578000009    
  0.781000018      0.647000015    
  0.759000003      0.611000001    
  0.736999989      0.580999970    
  0.714999974      0.616999984    
  0.692999959      0.584999979    
  0.671000004      0.597000003    
  0.648999989      0.595000029    
  0.626999974      0.550000012    
  0.605000019      0.595000029    
  0.583000004      0.570999980    
  0.560999990      0.606000006    
  0.538999975      0.603999972    
  0.516999960      0.609000027    
  0.495000005      0.593999982    
  0.472999990      0.564999998    
  0.450999975      0.577000022    
  0.429000020      0.552999973    
  0.407000005      0.542999983    
  0.384999990      0.541999996    
  0.362999976      0.572000027    
  0.340999961      0.593999982    
  0.319000006      0.643999994    
  0.296999991      0.601999998    
  0.274999976      0.617999971    
  0.253000021      0.606999993    
  0.231000006      0.657999992    
  0.208999991      0.646000028    
  0.186999977      0.755999982    
  0.164999962      0.759000003    
  0.143000007      0.866999984    
  0.120999992      0.837000012    
   9.89999771E-02   1.00699997    
   7.70000219E-02  0.978999972    
   5.49999475E-02   1.08800006    
   3.29999924E-02   1.05599999    
   1.10000372E-02   1.42799997    
  -1.10000372E-02   1.67999995    
  -3.29999924E-02   1.67999995    
  -5.50000668E-02   1.56799996    
  -7.70000219E-02   1.58599997    
  -9.89999771E-02   1.54799998    
 -0.121000051       1.53699994    
 -0.143000007       1.43400002    
 -0.164999962       1.44799995    
 -0.187000036       1.40400004    
 -0.208999991       1.36899996    
 -0.230999947       1.37100005    
 -0.253000021       1.32700002    
 -0.274999976       1.34300005    
 -0.297000051       1.27300000    
 -0.319000006       1.30100000    
 -0.340999961       1.26499999    
 -0.363000035       1.23300004    
 -0.384999990       1.17200005    
 -0.407000065       1.21899998    
 -0.429000020       1.18200004    
 -0.450999975       1.14800000    
 -0.473000050       1.18299997    
 -0.495000005       1.10699999    
 -0.516999960       1.16600001    
 -0.539000034       1.15300000    
 -0.560999990       1.16799998    
 -0.582999945       1.06500006    
 -0.605000019       1.08399999    
 -0.626999974       1.10800004    
 -0.649000049       1.07799995    
 -0.671000004       1.09099996    
 -0.692999959       1.03799999    
 -0.715000033       1.01800001    
 -0.736999989       1.06400001    
 -0.759000063       1.02600002    
 -0.781000018      0.968999982    
 -0.802999973       1.07200003    
 -0.825000048       1.00999999    
 -0.847000003       1.00500000    
 -0.868999958       1.02600002    
 -0.891000032      0.976000011    
 -0.913000107      0.996999979    
 -0.934999943      0.971000016    
 -0.957000017       1.01800001    
 -0.979000092       1.03999996    
  -1.00099993       1.02400005    
  -1.02300000       1.04400003    
  -1.04500008      0.987999976    
  -1.06699991       1.00100005    
  -1.08899999       1.03400004    
