   1.08899999       1.10000002    
   1.06700003       1.01999998    
   1.04499996       1.23000002    
   1.02300000      0.740000010    
   1.00099993      0.910000026    
  0.978999972      0.860000014    
  0.957000017       1.02999997    
  0.935000002       1.15999997    
  0.912999988       1.02999997    
  0.890999973       1.14999998    
  0.868999958       1.17999995    
  0.847000003      0.990000010    
  0.824999988       1.13999999    
  0.802999973      0.920000017    
  0.781000018       1.02999997    
  0.759000003       1.05999994    
  0.736999989      0.980000019    
  0.714999974      0.889999986    
  0.692999959      0.939999998    
  0.671000004       1.20000005    
  0.648999989      0.920000017    
  0.626999974      0.819999993    
  0.605000019      0.949999988    
  0.583000004      0.930000007    
  0.560999990      0.959999979    
  0.538999975      0.949999988    
  0.516999960       1.01999998    
  0.495000005      0.990000010    
  0.472999990      0.839999974    
  0.450999975       1.05999994    
  0.429000020      0.930000007    
  0.407000005       1.29999995    
  0.384999990       1.17999995    
  0.362999976       1.01999998    
  0.340999961       1.09000003    
  0.319000006      0.990000010    
  0.296999991       1.04999995    
  0.274999976      0.860000014    
  0.253000021      0.990000010    
  0.231000006       1.13000000    
  0.208999991       1.00000000    
  0.186999977       1.05999994    
  0.164999962      0.790000021    
  0.143000007      0.970000029    
  0.120999992       1.04999995    
   9.89999771E-02  0.949999988    
   7.70000219E-02   1.09000003    
   5.49999475E-02  0.930000007    
   3.29999924E-02  0.910000026    
   1.10000372E-02  0.939999998    
  -1.10000372E-02   1.07000005    
  -3.29999924E-02  0.899999976    
  -5.50000668E-02  0.889999986    
  -7.70000219E-02  0.949999988    
  -9.89999771E-02  0.970000029    
 -0.121000051      0.939999998    
 -0.143000007      0.910000026    
 -0.164999962      0.970000029    
 -0.187000036       1.00999999    
 -0.208999991       1.13999999    
 -0.230999947      0.930000007    
 -0.253000021      0.790000021    
 -0.274999976       1.04999995    
 -0.297000051       1.03999996    
 -0.319000006      0.870000005    
 -0.340999961      0.819999993    
 -0.363000035      0.910000026    
 -0.384999990       1.07000005    
 -0.407000065       1.07000005    
 -0.429000020      0.930000007    
 -0.450999975       1.02999997    
 -0.473000050       1.01999998    
 -0.495000005       1.13000000    
 -0.516999960      0.949999988    
 -0.539000034      0.899999976    
 -0.560999990      0.879999995    
 -0.582999945      0.949999988    
 -0.605000019       1.09000003    
 -0.626999974       1.04999995    
 -0.649000049       1.12000000    
 -0.671000004       1.07000005    
 -0.692999959      0.949999988    
 -0.715000033       1.00000000    
 -0.736999989       1.13000000    
 -0.759000063       1.08000004    
 -0.781000018      0.889999986    
 -0.802999973      0.970000029    
 -0.825000048       1.01999998    
 -0.847000003       1.07000005    
 -0.868999958      0.990000010    
 -0.891000032      0.970000029    
 -0.913000107       1.07000005    
 -0.934999943       1.01999998    
 -0.957000017       1.05999994    
 -0.979000092       1.21000004    
  -1.00099993       1.04999995    
  -1.02300000      0.959999979    
  -1.04500008       1.03999996    
  -1.06699991      0.980000019    
  -1.08899999      0.889999986    
