   1.08899999       0.00000000    
   1.06700003       0.00000000    
   1.04499996       0.00000000    
   1.02300000       0.00000000    
   1.00099993       10.0000000    
  0.978999972       0.00000000    
  0.957000017       0.00000000    
  0.935000002       0.00000000    
  0.912999988       10.0000000    
  0.890999973       0.00000000    
  0.868999958       0.00000000    
  0.847000003       0.00000000    
  0.824999988       0.00000000    
  0.802999973       0.00000000    
  0.781000018       0.00000000    
  0.759000003       0.00000000    
  0.736999989       0.00000000    
  0.714999974       0.00000000    
  0.692999959       0.00000000    
  0.671000004       0.00000000    
  0.648999989       0.00000000    
  0.626999974       0.00000000    
  0.605000019       0.00000000    
  0.583000004       0.00000000    
  0.560999990       0.00000000    
  0.538999975       0.00000000    
  0.516999960       0.00000000    
  0.495000005       0.00000000    
  0.472999990       0.00000000    
  0.450999975       0.00000000    
  0.429000020       0.00000000    
  0.407000005       10.0000000    
  0.384999990       0.00000000    
  0.362999976       0.00000000    
  0.340999961       0.00000000    
  0.319000006       0.00000000    
  0.296999991       0.00000000    
  0.274999976       0.00000000    
  0.253000021       0.00000000    
  0.231000006       0.00000000    
  0.208999991       0.00000000    
  0.186999977       0.00000000    
  0.164999962       0.00000000    
  0.143000007       0.00000000    
  0.120999992       0.00000000    
   9.89999771E-02   0.00000000    
   7.70000219E-02   0.00000000    
   5.49999475E-02   0.00000000    
   3.29999924E-02   0.00000000    
   1.10000372E-02   0.00000000    
  -1.10000372E-02   0.00000000    
  -3.29999924E-02   0.00000000    
  -5.50000668E-02   0.00000000    
  -7.70000219E-02   0.00000000    
  -9.89999771E-02   10.0000000    
 -0.121000051       0.00000000    
 -0.143000007       0.00000000    
 -0.164999962       0.00000000    
 -0.187000036       0.00000000    
 -0.208999991       0.00000000    
 -0.230999947       0.00000000    
 -0.253000021       10.0000000    
 -0.274999976       0.00000000    
 -0.297000051       10.0000000    
 -0.319000006       0.00000000    
 -0.340999961       0.00000000    
 -0.363000035       0.00000000    
 -0.384999990       10.0000000    
 -0.407000065       0.00000000    
 -0.429000020       0.00000000    
 -0.450999975       0.00000000    
 -0.473000050       0.00000000    
 -0.495000005       0.00000000    
 -0.516999960       0.00000000    
 -0.539000034       0.00000000    
 -0.560999990       0.00000000    
 -0.582999945       0.00000000    
 -0.605000019       10.0000000    
 -0.626999974       0.00000000    
 -0.649000049       0.00000000    
 -0.671000004       0.00000000    
 -0.692999959       0.00000000    
 -0.715000033       0.00000000    
 -0.736999989       0.00000000    
 -0.759000063       0.00000000    
 -0.781000018       0.00000000    
 -0.802999973       0.00000000    
 -0.825000048       10.0000000    
 -0.847000003       0.00000000    
 -0.868999958       0.00000000    
 -0.891000032       0.00000000    
 -0.913000107       0.00000000    
 -0.934999943       0.00000000    
 -0.957000017       0.00000000    
 -0.979000092       0.00000000    
  -1.00099993       0.00000000    
  -1.02300000       0.00000000    
  -1.04500008       10.0000000    
  -1.06699991       0.00000000    
  -1.08899999       0.00000000    
