   1.08899999       1.00000000    
   1.06700003       2.00000000    
   1.04499996       2.00000000    
   1.02300000       2.00000000    
   1.00099993       1.00000000    
  0.978999972       1.00000000    
  0.957000017       0.00000000    
  0.935000002       1.00000000    
  0.912999988       2.00000000    
  0.890999973       0.00000000    
  0.868999958       0.00000000    
  0.847000003       0.00000000    
  0.824999988       1.00000000    
  0.802999973       1.00000000    
  0.781000018       1.00000000    
  0.759000003       1.00000000    
  0.736999989       3.00000000    
  0.714999974       0.00000000    
  0.692999959       0.00000000    
  0.671000004       1.00000000    
  0.648999989       0.00000000    
  0.626999974       3.00000000    
  0.605000019       1.00000000    
  0.583000004       0.00000000    
  0.560999990       1.00000000    
  0.538999975       3.00000000    
  0.516999960       0.00000000    
  0.495000005       2.00000000    
  0.472999990       4.00000000    
  0.450999975       1.00000000    
  0.429000020       2.00000000    
  0.407000005       1.00000000    
  0.384999990       0.00000000    
  0.362999976       1.00000000    
  0.340999961       1.00000000    
  0.319000006       1.00000000    
  0.296999991       1.00000000    
  0.274999976       0.00000000    
  0.253000021       2.00000000    
  0.231000006       0.00000000    
  0.208999991       2.00000000    
  0.186999977       2.00000000    
  0.164999962       1.00000000    
  0.143000007       1.00000000    
  0.120999992       1.00000000    
   9.89999771E-02   3.00000000    
   7.70000219E-02   1.00000000    
   5.49999475E-02   0.00000000    
   3.29999924E-02   0.00000000    
   1.10000372E-02   1.00000000    
  -1.10000372E-02   1.00000000    
  -3.29999924E-02   3.00000000    
  -5.50000668E-02   1.00000000    
  -7.70000219E-02   0.00000000    
  -9.89999771E-02   2.00000000    
 -0.121000051       1.00000000    
 -0.143000007       1.00000000    
 -0.164999962       1.00000000    
 -0.187000036       0.00000000    
 -0.208999991       3.00000000    
 -0.230999947       0.00000000    
 -0.253000021       2.00000000    
 -0.274999976       1.00000000    
 -0.297000051       1.00000000    
 -0.319000006       1.00000000    
 -0.340999961       0.00000000    
 -0.363000035       0.00000000    
 -0.384999990       0.00000000    
 -0.407000065       1.00000000    
 -0.429000020       0.00000000    
 -0.450999975       1.00000000    
 -0.473000050       1.00000000    
 -0.495000005       3.00000000    
 -0.516999960       0.00000000    
 -0.539000034       0.00000000    
 -0.560999990       2.00000000    
 -0.582999945       1.00000000    
 -0.605000019       0.00000000    
 -0.626999974       1.00000000    
 -0.649000049       0.00000000    
 -0.671000004       1.00000000    
 -0.692999959       3.00000000    
 -0.715000033       2.00000000    
 -0.736999989       0.00000000    
 -0.759000063       2.00000000    
 -0.781000018       1.00000000    
 -0.802999973       0.00000000    
 -0.825000048       1.00000000    
 -0.847000003       0.00000000    
 -0.868999958       0.00000000    
 -0.891000032       0.00000000    
 -0.913000107       0.00000000    
 -0.934999943       0.00000000    
 -0.957000017       0.00000000    
 -0.979000092       1.00000000    
  -1.00099993       1.00000000    
  -1.02300000       2.00000000    
  -1.04500008       1.00000000    
  -1.06699991       1.00000000    
  -1.08899999       0.00000000    
