   1.08899999       1.00370002    
   1.06700003       1.00030005    
   1.04499996      0.992699981    
   1.02300000      0.998300016    
   1.00099993      0.984799981    
  0.978999972       1.01779997    
  0.957000017      0.989799976    
  0.935000002      0.995500028    
  0.912999988      0.990700006    
  0.890999973       1.01470006    
  0.868999958       1.01129997    
  0.847000003      0.996100008    
  0.824999988      0.987900019    
  0.802999973      0.994000018    
  0.781000018       1.00740004    
  0.759000003      0.999899983    
  0.736999989      0.986299992    
  0.714999974       1.00220001    
  0.692999959      0.999599993    
  0.671000004       1.00150001    
  0.648999989      0.993799984    
  0.626999974      0.994099975    
  0.605000019       1.00709999    
  0.583000004       1.01750004    
  0.560999990      0.993700027    
  0.538999975       1.00010002    
  0.516999960      0.994700015    
  0.495000005       1.01909995    
  0.472999990       1.01730001    
  0.450999975       1.00929999    
  0.429000020      0.992799997    
  0.407000005      0.989400029    
  0.384999990      0.999800026    
  0.362999976       1.00080001    
  0.340999961       1.01110005    
  0.319000006      0.998199999    
  0.296999991       1.00000000    
  0.274999976       1.00569999    
  0.253000021       1.00580001    
  0.231000006      0.994199991    
  0.208999991       1.00590003    
  0.186999977      0.980300009    
  0.164999962       1.01040006    
  0.143000007       1.01429999    
  0.120999992      0.991100013    
   9.89999771E-02   1.00100005    
   7.70000219E-02  0.999700010    
   5.49999475E-02   1.00000000    
   3.29999924E-02   1.00969994    
   1.10000372E-02  0.993700027    
  -1.10000372E-02  0.996999979    
  -3.29999924E-02   1.00919998    
  -5.50000668E-02  0.990100026    
  -7.70000219E-02  0.981400013    
  -9.89999771E-02  0.993499994    
 -0.121000051       1.00150001    
 -0.143000007      0.999199986    
 -0.164999962       1.01929998    
 -0.187000036      0.993399978    
 -0.208999991      0.986899972    
 -0.230999947       1.00629997    
 -0.253000021       1.01549995    
 -0.274999976       1.00800002    
 -0.297000051      0.982800007    
 -0.319000006       1.01470006    
 -0.340999961       1.00590003    
 -0.363000035       1.00629997    
 -0.384999990      0.990999997    
 -0.407000065       1.00039995    
 -0.429000020       1.01160002    
 -0.450999975      0.990700006    
 -0.473000050      0.988499999    
 -0.495000005      0.991400003    
 -0.516999960       1.00880003    
 -0.539000034      0.982299984    
 -0.560999990       1.00160003    
 -0.582999945      0.990300000    
 -0.605000019      0.986400008    
 -0.626999974       1.00109994    
 -0.649000049       1.00790000    
 -0.671000004       1.01110005    
 -0.692999959       1.00039995    
 -0.715000033       1.00600004    
 -0.736999989       1.00839996    
 -0.759000063      0.994199991    
 -0.781000018      0.992699981    
 -0.802999973       1.00230002    
 -0.825000048      0.997099996    
 -0.847000003      0.996200025    
 -0.868999958      0.999800026    
 -0.891000032       1.00339997    
 -0.913000107       1.00479996    
 -0.934999943       1.00320005    
 -0.957000017      0.999599993    
 -0.979000092      0.996800005    
  -1.00099993      0.988699973    
  -1.02300000       1.01289999    
  -1.04500008      0.997200012    
  -1.06699991      0.992999971    
  -1.08899999       1.00409997    
