   1.08899999       1.05100000    
   1.06700003      0.985000014    
   1.04499996       1.03100002    
   1.02300000      0.936999977    
   1.00099993      0.950999975    
  0.978999972      0.911000013    
  0.957000017       0.00000000    
  0.935000002       2.00000009E-03
  0.912999988       4.00000019E-03
  0.890999973       1.09999999E-02
  0.868999958       8.99999961E-03
  0.847000003       2.60000005E-02
  0.824999988       2.70000007E-02
  0.802999973       4.19999994E-02
  0.781000018       5.00000007E-02
  0.759000003       5.40000014E-02
  0.736999989       8.90000015E-02
  0.714999974       8.50000009E-02
  0.692999959       9.20000002E-02
  0.671000004      0.123000003    
  0.648999989      0.135000005    
  0.626999974      0.160999998    
  0.605000019      0.184000000    
  0.583000004      0.215000004    
  0.560999990      0.245000005    
  0.538999975      0.266999990    
  0.516999960      0.323000014    
  0.495000005      0.358000010    
  0.472999990      0.344000012    
  0.450999975      0.372999996    
  0.429000020      0.405000001    
  0.407000005      0.467000008    
  0.384999990      0.477999985    
  0.362999976      0.531000018    
  0.340999961      0.597000003    
  0.319000006      0.614000022    
  0.296999991      0.635999978    
  0.274999976      0.755999982    
  0.253000021      0.786000013    
  0.231000006      0.855000019    
  0.208999991      0.884000003    
  0.186999977      0.976999998    
  0.164999962       1.07000005    
  0.143000007       1.12199998    
  0.120999992       1.23399997    
   9.89999771E-02   1.27600002    
   7.70000219E-02   1.37899995    
   5.49999475E-02   1.51800001    
   3.29999924E-02   1.59399998    
   1.10000372E-02   1.95200002    
  -1.10000372E-02   1.99300003    
  -3.29999924E-02   2.00999999    
  -5.50000668E-02   1.88999999    
  -7.70000219E-02   1.86699998    
  -9.89999771E-02   1.83599997    
 -0.121000051       1.81099999    
 -0.143000007       1.77499998    
 -0.164999962       1.72899997    
 -0.187000036       1.62100005    
 -0.208999991       1.64900005    
 -0.230999947       1.61500001    
 -0.253000021       1.58599997    
 -0.274999976       1.53499997    
 -0.297000051       1.60800004    
 -0.319000006       1.46599996    
 -0.340999961       1.41900003    
 -0.363000035       1.40499997    
 -0.384999990       1.37500000    
 -0.407000065       1.41600001    
 -0.429000020       1.32599998    
 -0.450999975       1.30799997    
 -0.473000050       1.29900002    
 -0.495000005       1.23500001    
 -0.516999960       1.22200000    
 -0.539000034       1.24699998    
 -0.560999990       1.18900001    
 -0.582999945       1.12899995    
 -0.605000019       1.15600002    
 -0.626999974       1.12000000    
 -0.649000049       1.04200006    
 -0.671000004       1.10500002    
 -0.692999959       1.10800004    
 -0.715000033       1.09700000    
 -0.736999989       1.06599998    
 -0.759000063       1.06099999    
 -0.781000018       1.02199996    
 -0.802999973       1.05799997    
 -0.825000048       1.04400003    
 -0.847000003       1.03799999    
 -0.868999958      0.984000027    
 -0.891000032       1.05200005    
 -0.913000107      0.994000018    
 -0.934999943       1.01199996    
 -0.957000017       1.00399995    
 -0.979000092       1.02499998    
  -1.00099993       1.00699997    
  -1.02300000      0.995000005    
  -1.04500008       1.00500000    
  -1.06699991       1.02499998    
  -1.08899999       1.00399995    
