   1.08899999       1.05200005    
   1.06700003       1.02100003    
   1.04499996      0.984000027    
   1.02300000       1.09099996    
   1.00099993       1.02100003    
  0.978999972      0.935999990    
  0.957000017      0.588000000    
  0.935000002      0.574000001    
  0.912999988      0.561999977    
  0.890999973      0.623000026    
  0.868999958      0.579999983    
  0.847000003      0.578000009    
  0.824999988      0.610000014    
  0.802999973      0.610000014    
  0.781000018      0.535000026    
  0.759000003      0.578999996    
  0.736999989      0.565999985    
  0.714999974      0.565999985    
  0.692999959      0.547999978    
  0.671000004      0.579999983    
  0.648999989      0.544000030    
  0.626999974      0.584999979    
  0.605000019      0.518999994    
  0.583000004      0.591000021    
  0.560999990      0.519999981    
  0.538999975      0.550999999    
  0.516999960      0.558000028    
  0.495000005      0.545000017    
  0.472999990      0.509000003    
  0.450999975      0.537999988    
  0.429000020      0.515999973    
  0.407000005      0.554000020    
  0.384999990      0.514999986    
  0.362999976      0.533999979    
  0.340999961      0.554000020    
  0.319000006      0.537000000    
  0.296999991      0.601000011    
  0.274999976      0.563000023    
  0.253000021      0.595000029    
  0.231000006      0.651000023    
  0.208999991      0.697000027    
  0.186999977      0.685000002    
  0.164999962      0.768999994    
  0.143000007      0.842999995    
  0.120999992      0.894999981    
   9.89999771E-02  0.985000014    
   7.70000219E-02   1.04999995    
   5.49999475E-02   1.21899998    
   3.29999924E-02   1.22099996    
   1.10000372E-02   1.66199994    
  -1.10000372E-02   1.64199996    
  -3.29999924E-02   1.67600000    
  -5.50000668E-02   1.61000001    
  -7.70000219E-02   1.48800004    
  -9.89999771E-02   1.49699998    
 -0.121000051       1.53100002    
 -0.143000007       1.49699998    
 -0.164999962       1.48099995    
 -0.187000036       1.37399995    
 -0.208999991       1.39100003    
 -0.230999947       1.25999999    
 -0.253000021       1.38399994    
 -0.274999976       1.24500000    
 -0.297000051       1.26400006    
 -0.319000006       1.28900003    
 -0.340999961       1.24699998    
 -0.363000035       1.20899999    
 -0.384999990       1.20599997    
 -0.407000065       1.15799999    
 -0.429000020       1.17200005    
 -0.450999975       1.12600005    
 -0.473000050       1.13600004    
 -0.495000005       1.11300004    
 -0.516999960       1.13800001    
 -0.539000034       1.09500003    
 -0.560999990       1.18700004    
 -0.582999945       1.12600005    
 -0.605000019       1.03400004    
 -0.626999974       1.13199997    
 -0.649000049       1.05799997    
 -0.671000004       1.07599998    
 -0.692999959       1.03100002    
 -0.715000033       1.10800004    
 -0.736999989       1.07099998    
 -0.759000063       1.03499997    
 -0.781000018       1.04200006    
 -0.802999973       1.08599997    
 -0.825000048       1.01600003    
 -0.847000003       1.01499999    
 -0.868999958      0.973999977    
 -0.891000032      0.964999974    
 -0.913000107      0.935000002    
 -0.934999943       1.04499996    
 -0.957000017       1.04100001    
 -0.979000092       1.01800001    
  -1.00099993      0.973999977    
  -1.02300000       1.05100000    
  -1.04500008       1.00899994    
  -1.06699991       1.02100003    
  -1.08899999       1.04900002    
