   1.08899999       1.03699994    
   1.06700003      0.994000018    
   1.04499996      0.954999983    
   1.02300000      0.994000018    
   1.00099993       1.00800002    
  0.978999972      0.887000024    
  0.957000017      0.586000025    
  0.935000002      0.610000014    
  0.912999988      0.582000017    
  0.890999973      0.579999983    
  0.868999958      0.546999991    
  0.847000003      0.580999970    
  0.824999988      0.545000017    
  0.802999973      0.629999995    
  0.781000018      0.570999980    
  0.759000003      0.573000014    
  0.736999989      0.584999979    
  0.714999974      0.588000000    
  0.692999959      0.579999983    
  0.671000004      0.552999973    
  0.648999989      0.582000017    
  0.626999974      0.536000013    
  0.605000019      0.551999986    
  0.583000004      0.559000015    
  0.560999990      0.541999996    
  0.538999975      0.518000007    
  0.516999960      0.527000010    
  0.495000005      0.537999988    
  0.472999990      0.528999984    
  0.450999975      0.532000005    
  0.429000020      0.555999994    
  0.407000005      0.486999989    
  0.384999990      0.532999992    
  0.362999976      0.588999987    
  0.340999961      0.564999998    
  0.319000006      0.601000011    
  0.296999991      0.563000023    
  0.274999976      0.556999981    
  0.253000021      0.601000011    
  0.231000006      0.657999992    
  0.208999991      0.648999989    
  0.186999977      0.671000004    
  0.164999962      0.791000009    
  0.143000007      0.873000026    
  0.120999992      0.878000021    
   9.89999771E-02  0.971000016    
   7.70000219E-02   1.04299998    
   5.49999475E-02   1.21599996    
   3.29999924E-02   1.23800004    
   1.10000372E-02   1.70899999    
  -1.10000372E-02   1.65400004    
  -3.29999924E-02   1.64800000    
  -5.50000668E-02   1.65100002    
  -7.70000219E-02   1.56700003    
  -9.89999771E-02   1.55400002    
 -0.121000051       1.54499996    
 -0.143000007       1.46300006    
 -0.164999962       1.52499998    
 -0.187000036       1.39800000    
 -0.208999991       1.39800000    
 -0.230999947       1.32900000    
 -0.253000021       1.30100000    
 -0.274999976       1.30700004    
 -0.297000051       1.23000002    
 -0.319000006       1.19700003    
 -0.340999961       1.25800002    
 -0.363000035       1.19400001    
 -0.384999990       1.18400002    
 -0.407000065       1.12399995    
 -0.429000020       1.15699995    
 -0.450999975       1.10500002    
 -0.473000050       1.19299996    
 -0.495000005       1.15400004    
 -0.516999960       1.16100001    
 -0.539000034       1.12199998    
 -0.560999990       1.06799996    
 -0.582999945       1.12699997    
 -0.605000019       1.09599996    
 -0.626999974       1.06099999    
 -0.649000049       1.12100005    
 -0.671000004       1.04700005    
 -0.692999959       1.05400002    
 -0.715000033       1.09300005    
 -0.736999989       1.02300000    
 -0.759000063       1.06400001    
 -0.781000018       1.06099999    
 -0.802999973       1.02800000    
 -0.825000048       1.05499995    
 -0.847000003       1.01600003    
 -0.868999958       1.03900003    
 -0.891000032      0.976999998    
 -0.913000107      0.939000010    
 -0.934999943       1.02999997    
 -0.957000017      0.961000025    
 -0.979000092      0.984000027    
  -1.00099993      0.978999972    
  -1.02300000       1.03900003    
  -1.04500008      0.998000026    
  -1.06699991       1.03900003    
  -1.08899999       1.05200005    
