   1.08899999       1.29999995    
   1.06700003       1.50000000    
   1.04499996      0.699999988    
   1.02300000      0.800000012    
   1.00099993       1.00000000    
  0.978999972      0.699999988    
  0.957000017       0.00000000    
  0.935000002       0.00000000    
  0.912999988      0.100000001    
  0.890999973       0.00000000    
  0.868999958       0.00000000    
  0.847000003       0.00000000    
  0.824999988       0.00000000    
  0.802999973       0.00000000    
  0.781000018       0.00000000    
  0.759000003      0.200000003    
  0.736999989      0.100000001    
  0.714999974       0.00000000    
  0.692999959      0.100000001    
  0.671000004      0.200000003    
  0.648999989      0.300000012    
  0.626999974      0.300000012    
  0.605000019      0.100000001    
  0.583000004      0.300000012    
  0.560999990      0.200000003    
  0.538999975      0.300000012    
  0.516999960      0.100000001    
  0.495000005      0.699999988    
  0.472999990      0.200000003    
  0.450999975      0.600000024    
  0.429000020      0.300000012    
  0.407000005      0.300000012    
  0.384999990      0.300000012    
  0.362999976      0.200000003    
  0.340999961      0.300000012    
  0.319000006      0.699999988    
  0.296999991       1.10000002    
  0.274999976      0.600000024    
  0.253000021      0.600000024    
  0.231000006      0.600000024    
  0.208999991       1.00000000    
  0.186999977       1.79999995    
  0.164999962       1.00000000    
  0.143000007       1.00000000    
  0.120999992       1.60000002    
   9.89999771E-02   1.20000005    
   7.70000219E-02   1.10000002    
   5.49999475E-02   1.20000005    
   3.29999924E-02   1.89999998    
   1.10000372E-02   1.60000002    
  -1.10000372E-02   1.89999998    
  -3.29999924E-02   2.00000000    
  -5.50000668E-02   2.29999995    
  -7.70000219E-02   1.89999998    
  -9.89999771E-02   2.70000005    
 -0.121000051       2.50000000    
 -0.143000007       1.00000000    
 -0.164999962       1.89999998    
 -0.187000036       3.20000005    
 -0.208999991       1.39999998    
 -0.230999947       1.39999998    
 -0.253000021       1.79999995    
 -0.274999976       1.20000005    
 -0.297000051       1.60000002    
 -0.319000006       1.39999998    
 -0.340999961       1.00000000    
 -0.363000035       1.20000005    
 -0.384999990       1.29999995    
 -0.407000065       1.10000002    
 -0.429000020       1.89999998    
 -0.450999975      0.699999988    
 -0.473000050       1.10000002    
 -0.495000005       1.39999998    
 -0.516999960      0.500000000    
 -0.539000034      0.699999988    
 -0.560999990       1.29999995    
 -0.582999945       1.89999998    
 -0.605000019       1.10000002    
 -0.626999974       1.10000002    
 -0.649000049       1.29999995    
 -0.671000004       1.10000002    
 -0.692999959      0.800000012    
 -0.715000033       1.10000002    
 -0.736999989       1.29999995    
 -0.759000063      0.800000012    
 -0.781000018       1.39999998    
 -0.802999973      0.500000000    
 -0.825000048      0.800000012    
 -0.847000003      0.899999976    
 -0.868999958      0.699999988    
 -0.891000032       1.29999995    
 -0.913000107       1.29999995    
 -0.934999943      0.200000003    
 -0.957000017      0.500000000    
 -0.979000092       1.50000000    
  -1.00099993      0.800000012    
  -1.02300000       1.29999995    
  -1.04500008       1.29999995    
  -1.06699991       1.89999998    
  -1.08899999       1.39999998    
