   1.08899999      0.899999976    
   1.06700003      0.899999976    
   1.04499996      0.699999988    
   1.02300000      0.800000012    
   1.00099993       1.20000005    
  0.978999972       1.00000000    
  0.957000017      0.300000012    
  0.935000002      0.699999988    
  0.912999988      0.500000000    
  0.890999973      0.600000024    
  0.868999958      0.600000024    
  0.847000003      0.500000000    
  0.824999988      0.899999976    
  0.802999973      0.600000024    
  0.781000018      0.200000003    
  0.759000003      0.600000024    
  0.736999989      0.600000024    
  0.714999974      0.500000000    
  0.692999959      0.500000000    
  0.671000004      0.400000006    
  0.648999989      0.400000006    
  0.626999974      0.699999988    
  0.605000019      0.300000012    
  0.583000004      0.500000000    
  0.560999990      0.400000006    
  0.538999975      0.899999976    
  0.516999960      0.699999988    
  0.495000005      0.699999988    
  0.472999990      0.699999988    
  0.450999975      0.800000012    
  0.429000020      0.800000012    
  0.407000005      0.600000024    
  0.384999990      0.899999976    
  0.362999976      0.600000024    
  0.340999961      0.899999976    
  0.319000006      0.600000024    
  0.296999991      0.400000006    
  0.274999976      0.800000012    
  0.253000021       1.10000002    
  0.231000006      0.899999976    
  0.208999991      0.600000024    
  0.186999977      0.800000012    
  0.164999962       1.29999995    
  0.143000007       1.60000002    
  0.120999992       1.60000002    
   9.89999771E-02   1.00000000    
   7.70000219E-02   1.00000000    
   5.49999475E-02   1.00000000    
   3.29999924E-02  0.899999976    
   1.10000372E-02   1.20000005    
  -1.10000372E-02   1.70000005    
  -3.29999924E-02   1.50000000    
  -5.50000668E-02   1.10000002    
  -7.70000219E-02   1.70000005    
  -9.89999771E-02   1.70000005    
 -0.121000051      0.800000012    
 -0.143000007       1.00000000    
 -0.164999962       1.29999995    
 -0.187000036       1.50000000    
 -0.208999991       1.39999998    
 -0.230999947       1.60000002    
 -0.253000021       1.29999995    
 -0.274999976       1.39999998    
 -0.297000051       1.39999998    
 -0.319000006       1.29999995    
 -0.340999961      0.899999976    
 -0.363000035       1.00000000    
 -0.384999990       1.70000005    
 -0.407000065       1.10000002    
 -0.429000020       1.10000002    
 -0.450999975       1.10000002    
 -0.473000050       1.60000002    
 -0.495000005       1.20000005    
 -0.516999960      0.899999976    
 -0.539000034      0.899999976    
 -0.560999990       1.10000002    
 -0.582999945       1.10000002    
 -0.605000019       1.29999995    
 -0.626999974      0.800000012    
 -0.649000049       1.20000005    
 -0.671000004       1.20000005    
 -0.692999959       1.10000002    
 -0.715000033       1.20000005    
 -0.736999989      0.899999976    
 -0.759000063      0.800000012    
 -0.781000018       1.29999995    
 -0.802999973       1.00000000    
 -0.825000048      0.500000000    
 -0.847000003       1.39999998    
 -0.868999958       1.00000000    
 -0.891000032      0.899999976    
 -0.913000107       1.00000000    
 -0.934999943       1.00000000    
 -0.957000017       1.39999998    
 -0.979000092       1.00000000    
  -1.00099993      0.800000012    
  -1.02300000       1.20000005    
  -1.04500008       1.29999995    
  -1.06699991       1.10000002    
  -1.08899999       1.10000002    
