   1.08899999       1.00099003    
   1.06700003      0.997749984    
   1.04499996       1.00010002    
   1.02300000      0.999450028    
   1.00099993       1.00352001    
  0.978999972      0.905650020    
  0.957000017       4.29999985E-04
  0.935000002       2.34999997E-03
  0.912999988       5.33000007E-03
  0.890999973       9.61000007E-03
  0.868999958       1.52700003E-02
  0.847000003       2.21299995E-02
  0.824999988       3.02499998E-02
  0.802999973       4.02799994E-02
  0.781000018       5.00200018E-02
  0.759000003       6.35000020E-02
  0.736999989       7.65699968E-02
  0.714999974       9.15900022E-02
  0.692999959      0.111029997    
  0.671000004      0.128680006    
  0.648999989      0.146980003    
  0.626999974      0.169049993    
  0.605000019      0.194040000    
  0.583000004      0.216220006    
  0.560999990      0.247630000    
  0.538999975      0.275909990    
  0.516999960      0.305090010    
  0.495000005      0.338759989    
  0.472999990      0.374260008    
  0.450999975      0.408870012    
  0.429000020      0.445670009    
  0.407000005      0.486270010    
  0.384999990      0.526019990    
  0.362999976      0.573040009    
  0.340999961      0.621869981    
  0.319000006      0.672500014    
  0.296999991      0.721419990    
  0.274999976      0.764729977    
  0.253000021      0.831529975    
  0.231000006      0.884169996    
  0.208999991      0.945420027    
  0.186999977       1.00624001    
  0.164999962       1.06818998    
  0.143000007       1.12333000    
  0.120999992       1.19010997    
   9.89999771E-02   1.25170004    
   7.70000219E-02   1.31918001    
   5.49999475E-02   1.37984002    
   3.29999924E-02   1.42451000    
   1.10000372E-02   1.71959996    
  -1.10000372E-02   1.97951996    
  -3.29999924E-02   1.96724999    
  -5.50000668E-02   1.93987000    
  -7.70000219E-02   1.90356004    
  -9.89999771E-02   1.87268996    
 -0.121000051       1.83377004    
 -0.143000007       1.79714000    
 -0.164999962       1.77471006    
 -0.187000036       1.73118997    
 -0.208999991       1.69528997    
 -0.230999947       1.65638006    
 -0.253000021       1.62106001    
 -0.274999976       1.57569003    
 -0.297000051       1.54922998    
 -0.319000006       1.51598001    
 -0.340999961       1.48690999    
 -0.363000035       1.44971001    
 -0.384999990       1.41796005    
 -0.407000065       1.38873005    
 -0.429000020       1.37169003    
 -0.450999975       1.32435000    
 -0.473000050       1.30562997    
 -0.495000005       1.27419996    
 -0.516999960       1.26475000    
 -0.539000034       1.23125994    
 -0.560999990       1.20592999    
 -0.582999945       1.18664002    
 -0.605000019       1.16445994    
 -0.626999974       1.15210998    
 -0.649000049       1.12843001    
 -0.671000004       1.11468995    
 -0.692999959       1.09551001    
 -0.715000033       1.08544004    
 -0.736999989       1.07143998    
 -0.759000063       1.06340003    
 -0.781000018       1.04522002    
 -0.802999973       1.03417003    
 -0.825000048       1.03231001    
 -0.847000003       1.02242994    
 -0.868999958       1.01330996    
 -0.891000032       1.00944996    
 -0.913000107       1.00274003    
 -0.934999943       1.00536001    
 -0.957000017      0.999310017    
 -0.979000092      0.994319975    
  -1.00099993       1.00234997    
  -1.02300000       1.00343001    
  -1.04500008      0.999700010    
  -1.06699991      0.996879995    
  -1.08899999       1.00171995    
