   1.08899999      0.990999997    
   1.06700003       1.02600002    
   1.04499996       1.02400005    
   1.02300000       1.00000000    
   1.00099993       1.03100002    
  0.978999972      0.888999999    
  0.957000017       0.00000000    
  0.935000002       0.00000000    
  0.912999988       3.00000003E-03
  0.890999973       7.00000022E-03
  0.868999958       1.20000001E-02
  0.847000003       1.79999992E-02
  0.824999988       3.70000005E-02
  0.802999973       3.09999995E-02
  0.781000018       5.20000011E-02
  0.759000003       5.09999990E-02
  0.736999989       6.10000007E-02
  0.714999974       8.90000015E-02
  0.692999959      0.115000002    
  0.671000004      0.122000001    
  0.648999989      0.129999995    
  0.626999974      0.156000003    
  0.605000019      0.180000007    
  0.583000004      0.226999998    
  0.560999990      0.238999993    
  0.538999975      0.264999986    
  0.516999960      0.305999994    
  0.495000005      0.310999990    
  0.472999990      0.345999986    
  0.450999975      0.372000009    
  0.429000020      0.425999999    
  0.407000005      0.425000012    
  0.384999990      0.529999971    
  0.362999976      0.532999992    
  0.340999961      0.624000013    
  0.319000006      0.598999977    
  0.296999991      0.662999988    
  0.274999976      0.777999997    
  0.253000021      0.802999973    
  0.231000006      0.907999992    
  0.208999991      0.927999973    
  0.186999977      0.981999993    
  0.164999962       1.03499997    
  0.143000007       1.10399997    
  0.120999992       1.18700004    
   9.89999771E-02   1.23500001    
   7.70000219E-02   1.33500004    
   5.49999475E-02   1.45599997    
   3.29999924E-02   1.55799997    
   1.10000372E-02   2.01699996    
  -1.10000372E-02   1.93799996    
  -3.29999924E-02   1.90999997    
  -5.50000668E-02   1.90100002    
  -7.70000219E-02   1.88699996    
  -9.89999771E-02   1.88399994    
 -0.121000051       1.76199996    
 -0.143000007       1.77499998    
 -0.164999962       1.68599999    
 -0.187000036       1.72200000    
 -0.208999991       1.70500004    
 -0.230999947       1.62600005    
 -0.253000021       1.54999995    
 -0.274999976       1.54799998    
 -0.297000051       1.56500006    
 -0.319000006       1.42799997    
 -0.340999961       1.42700005    
 -0.363000035       1.41199994    
 -0.384999990       1.48000002    
 -0.407000065       1.43599999    
 -0.429000020       1.33599997    
 -0.450999975       1.33299994    
 -0.473000050       1.25399995    
 -0.495000005       1.25600004    
 -0.516999960       1.17299998    
 -0.539000034       1.21000004    
 -0.560999990       1.21700001    
 -0.582999945       1.16900003    
 -0.605000019       1.17700005    
 -0.626999974       1.13900006    
 -0.649000049       1.10699999    
 -0.671000004       1.17999995    
 -0.692999959       1.13100004    
 -0.715000033       1.11899996    
 -0.736999989       1.08500004    
 -0.759000063       1.10000002    
 -0.781000018       1.06400001    
 -0.802999973       1.02400005    
 -0.825000048       1.07400000    
 -0.847000003       1.05499995    
 -0.868999958      0.982999980    
 -0.891000032      0.967000008    
 -0.913000107       1.00199997    
 -0.934999943      0.986999989    
 -0.957000017       1.00600004    
 -0.979000092       1.04799998    
  -1.00099993      0.994000018    
  -1.02300000      0.971000016    
  -1.04500008      0.998000026    
  -1.06699991      0.991999984    
  -1.08899999      0.967000008    
