   1.08899999       1.00199997    
   1.06700003      0.977999985    
   1.04499996      0.968999982    
   1.02300000       1.00800002    
   1.00099993      0.999000013    
  0.978999972       1.00300002    
  0.957000017      0.569000006    
  0.935000002      0.605000019    
  0.912999988      0.610000014    
  0.890999973      0.628000021    
  0.868999958      0.586000025    
  0.847000003      0.583999991    
  0.824999988      0.623000026    
  0.802999973      0.584999979    
  0.781000018      0.566999972    
  0.759000003      0.586000025    
  0.736999989      0.616999984    
  0.714999974      0.565999985    
  0.692999959      0.592999995    
  0.671000004      0.574000001    
  0.648999989      0.611999989    
  0.626999974      0.578999996    
  0.605000019      0.564000010    
  0.583000004      0.574999988    
  0.560999990      0.526000023    
  0.538999975      0.554000020    
  0.516999960      0.573000014    
  0.495000005      0.602999985    
  0.472999990      0.546000004    
  0.450999975      0.552999973    
  0.429000020      0.592999995    
  0.407000005      0.584999979    
  0.384999990      0.552999973    
  0.362999976      0.593999982    
  0.340999961      0.601999998    
  0.319000006      0.578999996    
  0.296999991      0.578999996    
  0.274999976      0.566999972    
  0.253000021      0.652999997    
  0.231000006      0.718999982    
  0.208999991      0.712000012    
  0.186999977      0.768000007    
  0.164999962      0.804000020    
  0.143000007      0.837000012    
  0.120999992      0.898999989    
   9.89999771E-02  0.927999973    
   7.70000219E-02   1.00399995    
   5.49999475E-02   1.07500005    
   3.29999924E-02   1.11300004    
   1.10000372E-02   1.48500001    
  -1.10000372E-02   1.64999998    
  -3.29999924E-02   1.70000005    
  -5.50000668E-02   1.59500003    
  -7.70000219E-02   1.58099997    
  -9.89999771E-02   1.54900002    
 -0.121000051       1.50300002    
 -0.143000007       1.52300000    
 -0.164999962       1.48599994    
 -0.187000036       1.31400001    
 -0.208999991       1.43400002    
 -0.230999947       1.39900005    
 -0.253000021       1.45400000    
 -0.274999976       1.28999996    
 -0.297000051       1.31599998    
 -0.319000006       1.28600001    
 -0.340999961       1.23199999    
 -0.363000035       1.20299995    
 -0.384999990       1.18700004    
 -0.407000065       1.23899996    
 -0.429000020       1.18299997    
 -0.450999975       1.16499996    
 -0.473000050       1.17499995    
 -0.495000005       1.14400005    
 -0.516999960       1.10899997    
 -0.539000034       1.18700004    
 -0.560999990       1.10200000    
 -0.582999945       1.11600006    
 -0.605000019       1.06200004    
 -0.626999974       1.08099997    
 -0.649000049       1.08000004    
 -0.671000004       1.01600003    
 -0.692999959       1.04700005    
 -0.715000033       1.05700004    
 -0.736999989       1.06599998    
 -0.759000063       1.01999998    
 -0.781000018       1.06200004    
 -0.802999973       1.03400004    
 -0.825000048       1.04100001    
 -0.847000003      0.995000005    
 -0.868999958       1.00100005    
 -0.891000032      0.994000018    
 -0.913000107      0.984000027    
 -0.934999943       1.03299999    
 -0.957000017       1.01199996    
 -0.979000092      0.976000011    
  -1.00099993       1.00100005    
  -1.02300000       1.02100003    
  -1.04500008      0.970000029    
  -1.06699991       1.01900005    
  -1.08899999       1.00999999    
