   1.08899999      0.990000010    
   1.06700003      0.980000019    
   1.04499996      0.980000019    
   1.02300000       1.03400004    
   1.00099993       1.02199996    
  0.978999972       1.01900005    
  0.957000017      0.634999990    
  0.935000002      0.607999980    
  0.912999988      0.596000016    
  0.890999973      0.580999970    
  0.868999958      0.614000022    
  0.847000003      0.591000021    
  0.824999988      0.602999985    
  0.802999973      0.582000017    
  0.781000018      0.600000024    
  0.759000003      0.588999987    
  0.736999989      0.535000026    
  0.714999974      0.556999981    
  0.692999959      0.574999988    
  0.671000004      0.593999982    
  0.648999989      0.582000017    
  0.626999974      0.551999986    
  0.605000019      0.549000025    
  0.583000004      0.574000001    
  0.560999990      0.541000009    
  0.538999975      0.582000017    
  0.516999960      0.551999986    
  0.495000005      0.600000024    
  0.472999990      0.587000012    
  0.450999975      0.572000027    
  0.429000020      0.555999994    
  0.407000005      0.561999977    
  0.384999990      0.564000010    
  0.362999976      0.573000014    
  0.340999961      0.573000014    
  0.319000006      0.592999995    
  0.296999991      0.592999995    
  0.274999976      0.588000000    
  0.253000021      0.652000010    
  0.231000006      0.689000010    
  0.208999991      0.672999978    
  0.186999977      0.717999995    
  0.164999962      0.778999984    
  0.143000007      0.867999971    
  0.120999992      0.865000010    
   9.89999771E-02  0.898000002    
   7.70000219E-02  0.986999989    
   5.49999475E-02   1.00800002    
   3.29999924E-02   1.13900006    
   1.10000372E-02   1.42600000    
  -1.10000372E-02   1.67100000    
  -3.29999924E-02   1.66999996    
  -5.50000668E-02   1.61300004    
  -7.70000219E-02   1.56599998    
  -9.89999771E-02   1.51999998    
 -0.121000051       1.54799998    
 -0.143000007       1.47599995    
 -0.164999962       1.49500000    
 -0.187000036       1.39100003    
 -0.208999991       1.44400001    
 -0.230999947       1.34599996    
 -0.253000021       1.36399996    
 -0.274999976       1.30900002    
 -0.297000051       1.28900003    
 -0.319000006       1.23099995    
 -0.340999961       1.23899996    
 -0.363000035       1.22500002    
 -0.384999990       1.22800004    
 -0.407000065       1.26199996    
 -0.429000020       1.17200005    
 -0.450999975       1.19200003    
 -0.473000050       1.13199997    
 -0.495000005       1.13000000    
 -0.516999960       1.16100001    
 -0.539000034       1.13600004    
 -0.560999990       1.15799999    
 -0.582999945       1.06500006    
 -0.605000019       1.09200001    
 -0.626999974       1.02100003    
 -0.649000049       1.09399998    
 -0.671000004       1.03799999    
 -0.692999959       1.10699999    
 -0.715000033       1.03499997    
 -0.736999989       1.05299997    
 -0.759000063       1.07599998    
 -0.781000018       1.00800002    
 -0.802999973       1.02900004    
 -0.825000048       1.08500004    
 -0.847000003       1.04299998    
 -0.868999958       1.06599998    
 -0.891000032       1.00399995    
 -0.913000107      0.976000011    
 -0.934999943       1.02600002    
 -0.957000017       1.00899994    
 -0.979000092      0.981000006    
  -1.00099993      0.998000026    
  -1.02300000       1.02499998    
  -1.04500008       1.01699996    
  -1.06699991      0.996999979    
  -1.08899999       1.09200001    
