   1.08899999      0.953000009    
   1.06700003      0.972000003    
   1.04499996      0.991999984    
   1.02300000      0.962000012    
   1.00099993       1.05200005    
  0.978999972      0.904999971    
  0.957000017       1.30000003E-02
  0.935000002       1.60000008E-02
  0.912999988       2.60000005E-02
  0.890999973       3.20000015E-02
  0.868999958       5.20000011E-02
  0.847000003       5.90000004E-02
  0.824999988       9.20000002E-02
  0.802999973      0.114000000    
  0.781000018      0.119999997    
  0.759000003      0.111000001    
  0.736999989      0.152999997    
  0.714999974      0.160999998    
  0.692999959      0.174999997    
  0.671000004      0.186000004    
  0.648999989      0.206000000    
  0.626999974      0.226999998    
  0.605000019      0.231000006    
  0.583000004      0.250999987    
  0.560999990      0.240999997    
  0.538999975      0.279000014    
  0.516999960      0.328000009    
  0.495000005      0.338999987    
  0.472999990      0.365000010    
  0.450999975      0.377000004    
  0.429000020      0.432000011    
  0.407000005      0.397000015    
  0.384999990      0.419999987    
  0.362999976      0.503000021    
  0.340999961      0.527999997    
  0.319000006      0.488999993    
  0.296999991      0.583000004    
  0.274999976      0.597999990    
  0.253000021      0.651000023    
  0.231000006      0.694999993    
  0.208999991      0.660000026    
  0.186999977      0.746999979    
  0.164999962      0.862999976    
  0.143000007      0.848999977    
  0.120999992      0.938000023    
   9.89999771E-02  0.990999997    
   7.70000219E-02   1.07900000    
   5.49999475E-02   1.19700003    
   3.29999924E-02   1.40499997    
   1.10000372E-02   1.98399997    
  -1.10000372E-02   2.60599995    
  -3.29999924E-02   2.36400008    
  -5.50000668E-02   2.23900008    
  -7.70000219E-02   2.12599993    
  -9.89999771E-02   2.01799989    
 -0.121000051       1.97099996    
 -0.143000007       1.77400005    
 -0.164999962       1.79499996    
 -0.187000036       1.71899998    
 -0.208999991       1.73399997    
 -0.230999947       1.66499996    
 -0.253000021       1.67299998    
 -0.274999976       1.59000003    
 -0.297000051       1.51800001    
 -0.319000006       1.52600002    
 -0.340999961       1.48800004    
 -0.363000035       1.50600004    
 -0.384999990       1.48199999    
 -0.407000065       1.50899994    
 -0.429000020       1.43499994    
 -0.450999975       1.38199997    
 -0.473000050       1.43799996    
 -0.495000005       1.30900002    
 -0.516999960       1.27100003    
 -0.539000034       1.28100002    
 -0.560999990       1.21099997    
 -0.582999945       1.22300005    
 -0.605000019       1.19200003    
 -0.626999974       1.18400002    
 -0.649000049       1.19900000    
 -0.671000004       1.14999998    
 -0.692999959       1.19299996    
 -0.715000033       1.18099999    
 -0.736999989       1.10800004    
 -0.759000063       1.11199999    
 -0.781000018       1.07000005    
 -0.802999973       1.05100000    
 -0.825000048       1.07900000    
 -0.847000003       1.05200005    
 -0.868999958       1.05999994    
 -0.891000032       1.05400002    
 -0.913000107       1.02400005    
 -0.934999943      0.991999984    
 -0.957000017       1.01300001    
 -0.979000092      0.976999998    
  -1.00099993       1.00000000    
  -1.02300000       1.00699997    
  -1.04500008       1.06500006    
  -1.06699991      0.990999997    
  -1.08899999       1.04200006    
