   1.08899999       1.03699994    
   1.06700003      0.992999971    
   1.04499996      0.972000003    
   1.02300000       1.05700004    
   1.00099993      0.944999993    
  0.978999972      0.953999996    
  0.957000017       0.00000000    
  0.935000002       1.00000005E-03
  0.912999988       4.00000019E-03
  0.890999973       8.99999961E-03
  0.868999958       1.99999996E-02
  0.847000003       1.99999996E-02
  0.824999988       3.09999995E-02
  0.802999973       3.70000005E-02
  0.781000018       5.60000017E-02
  0.759000003       6.40000030E-02
  0.736999989       6.80000037E-02
  0.714999974       8.79999995E-02
  0.692999959      0.118000001    
  0.671000004      0.128999993    
  0.648999989      0.149000004    
  0.626999974      0.147000000    
  0.605000019      0.221000001    
  0.583000004      0.231999993    
  0.560999990      0.238999993    
  0.538999975      0.270999998    
  0.516999960      0.317999989    
  0.495000005      0.330000013    
  0.472999990      0.365999997    
  0.450999975      0.391999990    
  0.429000020      0.449999988    
  0.407000005      0.523999989    
  0.384999990      0.504000008    
  0.362999976      0.593999982    
  0.340999961      0.633000016    
  0.319000006      0.679000020    
  0.296999991      0.726000011    
  0.274999976      0.762000024    
  0.253000021      0.832000017    
  0.231000006      0.825999975    
  0.208999991      0.936999977    
  0.186999977       1.07000005    
  0.164999962       1.11699998    
  0.143000007       1.13499999    
  0.120999992       1.19200003    
   9.89999771E-02   1.28900003    
   7.70000219E-02   1.28100002    
   5.49999475E-02   1.46200001    
   3.29999924E-02   1.43499994    
   1.10000372E-02   1.66199994    
  -1.10000372E-02   1.96099997    
  -3.29999924E-02   1.89300001    
  -5.50000668E-02   1.97000003    
  -7.70000219E-02   1.96000004    
  -9.89999771E-02   1.94000006    
 -0.121000051       1.85000002    
 -0.143000007       1.80599999    
 -0.164999962       1.81400001    
 -0.187000036       1.69599998    
 -0.208999991       1.65999997    
 -0.230999947       1.63800001    
 -0.253000021       1.55100000    
 -0.274999976       1.62399995    
 -0.297000051       1.52999997    
 -0.319000006       1.50899994    
 -0.340999961       1.49899995    
 -0.363000035       1.42999995    
 -0.384999990       1.36800003    
 -0.407000065       1.41100001    
 -0.429000020       1.38499999    
 -0.450999975       1.37600005    
 -0.473000050       1.28400004    
 -0.495000005       1.25699997    
 -0.516999960       1.26499999    
 -0.539000034       1.21399999    
 -0.560999990       1.19000006    
 -0.582999945       1.13800001    
 -0.605000019       1.19200003    
 -0.626999974       1.19599998    
 -0.649000049       1.11199999    
 -0.671000004       1.09000003    
 -0.692999959       1.03999996    
 -0.715000033       1.09200001    
 -0.736999989       1.07000005    
 -0.759000063       1.05499995    
 -0.781000018       1.02600002    
 -0.802999973       1.03400004    
 -0.825000048       1.08500004    
 -0.847000003      0.975000024    
 -0.868999958      0.972000003    
 -0.891000032       1.03299999    
 -0.913000107       1.02900004    
 -0.934999943       1.04499996    
 -0.957000017      0.958999991    
 -0.979000092      0.943000019    
  -1.00099993       1.00199997    
  -1.02300000       1.01400006    
  -1.04500008       1.00600004    
  -1.06699991      0.970000029    
  -1.08899999       1.00999999    
