   1.08899999       1.10000002    
   1.06700003      0.899999976    
   1.04499996       1.39999998    
   1.02300000       1.00000000    
   1.00099993      0.899999976    
  0.978999972       1.00000000    
  0.957000017      0.300000012    
  0.935000002      0.300000012    
  0.912999988      0.600000024    
  0.890999973      0.400000006    
  0.868999958      0.400000006    
  0.847000003      0.699999988    
  0.824999988      0.500000000    
  0.802999973      0.699999988    
  0.781000018      0.500000000    
  0.759000003      0.899999976    
  0.736999989      0.899999976    
  0.714999974      0.699999988    
  0.692999959      0.300000012    
  0.671000004      0.600000024    
  0.648999989      0.600000024    
  0.626999974      0.899999976    
  0.605000019      0.300000012    
  0.583000004      0.899999976    
  0.560999990      0.500000000    
  0.538999975      0.600000024    
  0.516999960      0.699999988    
  0.495000005       1.10000002    
  0.472999990      0.699999988    
  0.450999975      0.500000000    
  0.429000020      0.899999976    
  0.407000005      0.600000024    
  0.384999990      0.899999976    
  0.362999976      0.899999976    
  0.340999961      0.500000000    
  0.319000006      0.699999988    
  0.296999991      0.699999988    
  0.274999976       1.29999995    
  0.253000021       1.39999998    
  0.231000006       1.70000005    
  0.208999991      0.899999976    
  0.186999977       1.39999998    
  0.164999962      0.699999988    
  0.143000007       1.10000002    
  0.120999992       1.29999995    
   9.89999771E-02   1.00000000    
   7.70000219E-02   1.50000000    
   5.49999475E-02   1.00000000    
   3.29999924E-02   1.29999995    
   1.10000372E-02   1.39999998    
  -1.10000372E-02   1.50000000    
  -3.29999924E-02   1.70000005    
  -5.50000668E-02   1.10000002    
  -7.70000219E-02   1.00000000    
  -9.89999771E-02   1.50000000    
 -0.121000051       1.10000002    
 -0.143000007       1.50000000    
 -0.164999962       1.20000005    
 -0.187000036       1.70000005    
 -0.208999991       1.70000005    
 -0.230999947       1.10000002    
 -0.253000021       1.10000002    
 -0.274999976       1.70000005    
 -0.297000051       1.29999995    
 -0.319000006       1.00000000    
 -0.340999961       1.50000000    
 -0.363000035       1.00000000    
 -0.384999990       1.00000000    
 -0.407000065      0.899999976    
 -0.429000020       1.29999995    
 -0.450999975       1.00000000    
 -0.473000050      0.699999988    
 -0.495000005      0.500000000    
 -0.516999960       1.00000000    
 -0.539000034      0.800000012    
 -0.560999990       1.00000000    
 -0.582999945      0.800000012    
 -0.605000019       1.50000000    
 -0.626999974      0.899999976    
 -0.649000049       1.10000002    
 -0.671000004      0.899999976    
 -0.692999959       1.39999998    
 -0.715000033       1.00000000    
 -0.736999989       1.10000002    
 -0.759000063      0.899999976    
 -0.781000018       1.50000000    
 -0.802999973      0.800000012    
 -0.825000048       1.10000002    
 -0.847000003      0.800000012    
 -0.868999958       1.10000002    
 -0.891000032       1.10000002    
 -0.913000107      0.899999976    
 -0.934999943      0.800000012    
 -0.957000017       1.39999998    
 -0.979000092      0.899999976    
  -1.00099993       1.10000002    
  -1.02300000       1.00000000    
  -1.04500008      0.600000024    
  -1.06699991       1.10000002    
  -1.08899999      0.800000012    
