   1.08899999       1.01900005    
   1.06700003       1.03199995    
   1.04499996      0.963999987    
   1.02300000      0.972999990    
   1.00099993      0.977999985    
  0.978999972      0.916999996    
  0.957000017       0.00000000    
  0.935000002       4.99999989E-03
  0.912999988       4.99999989E-03
  0.890999973       1.30000003E-02
  0.868999958       1.70000009E-02
  0.847000003       2.09999997E-02
  0.824999988       3.40000018E-02
  0.802999973       4.30000015E-02
  0.781000018       5.99999987E-02
  0.759000003       5.70000000E-02
  0.736999989       7.90000036E-02
  0.714999974       9.39999968E-02
  0.692999959       9.70000029E-02
  0.671000004      0.134000003    
  0.648999989      0.128999993    
  0.626999974      0.202000007    
  0.605000019      0.195999995    
  0.583000004      0.207000002    
  0.560999990      0.245000005    
  0.538999975      0.257999986    
  0.516999960      0.314999998    
  0.495000005      0.328999996    
  0.472999990      0.386000007    
  0.450999975      0.412999988    
  0.429000020      0.465000004    
  0.407000005      0.446999997    
  0.384999990      0.546999991    
  0.362999976      0.607999980    
  0.340999961      0.643000007    
  0.319000006      0.676999986    
  0.296999991      0.686999977    
  0.274999976      0.755999982    
  0.253000021      0.787000000    
  0.231000006      0.873000026    
  0.208999991      0.961000025    
  0.186999977      0.990000010    
  0.164999962       1.00600004    
  0.143000007       1.12800002    
  0.120999992       1.21000004    
   9.89999771E-02   1.21399999    
   7.70000219E-02   1.26300001    
   5.49999475E-02   1.43299997    
   3.29999924E-02   1.39499998    
   1.10000372E-02   1.67499995    
  -1.10000372E-02   2.02999997    
  -3.29999924E-02   1.99500000    
  -5.50000668E-02   1.96599996    
  -7.70000219E-02   1.92799997    
  -9.89999771E-02   1.91900003    
 -0.121000051       1.80299997    
 -0.143000007       1.78400004    
 -0.164999962       1.80700004    
 -0.187000036       1.74500000    
 -0.208999991       1.77699995    
 -0.230999947       1.64600003    
 -0.253000021       1.62199998    
 -0.274999976       1.55200005    
 -0.297000051       1.49500000    
 -0.319000006       1.55900002    
 -0.340999961       1.48800004    
 -0.363000035       1.41999996    
 -0.384999990       1.41600001    
 -0.407000065       1.38600004    
 -0.429000020       1.34599996    
 -0.450999975       1.30700004    
 -0.473000050       1.32900000    
 -0.495000005       1.27800000    
 -0.516999960       1.26199996    
 -0.539000034       1.20500004    
 -0.560999990       1.23599994    
 -0.582999945       1.19500005    
 -0.605000019       1.16499996    
 -0.626999974       1.12899995    
 -0.649000049       1.16199994    
 -0.671000004       1.17900002    
 -0.692999959       1.10399997    
 -0.715000033      0.994000018    
 -0.736999989       1.10300004    
 -0.759000063       1.04600000    
 -0.781000018      0.986000001    
 -0.802999973       1.04400003    
 -0.825000048       1.05900002    
 -0.847000003       1.01499999    
 -0.868999958      0.998000026    
 -0.891000032       1.04999995    
 -0.913000107      0.981999993    
 -0.934999943      0.995999992    
 -0.957000017       1.00000000    
 -0.979000092      0.972000003    
  -1.00099993      0.986999989    
  -1.02300000       1.01800001    
  -1.04500008      0.990000010    
  -1.06699991       1.00000000    
  -1.08899999       1.03699994    
