   1.08899999      0.899999976    
   1.06700003       1.10000002    
   1.04499996      0.500000000    
   1.02300000      0.899999976    
   1.00099993       1.20000005    
  0.978999972      0.899999976    
  0.957000017       1.70000005    
  0.935000002       1.29999995    
  0.912999988      0.699999988    
  0.890999973       1.50000000    
  0.868999958       1.00000000    
  0.847000003       1.10000002    
  0.824999988       2.09999990    
  0.802999973      0.699999988    
  0.781000018       1.20000005    
  0.759000003       1.00000000    
  0.736999989       1.00000000    
  0.714999974      0.800000012    
  0.692999959      0.800000012    
  0.671000004       1.00000000    
  0.648999989       1.79999995    
  0.626999974      0.600000024    
  0.605000019       1.60000002    
  0.583000004       1.10000002    
  0.560999990       1.20000005    
  0.538999975       1.20000005    
  0.516999960       1.00000000    
  0.495000005       1.50000000    
  0.472999990      0.600000024    
  0.450999975      0.800000012    
  0.429000020       1.10000002    
  0.407000005       1.39999998    
  0.384999990       1.00000000    
  0.362999976       1.20000005    
  0.340999961      0.899999976    
  0.319000006      0.699999988    
  0.296999991      0.600000024    
  0.274999976      0.800000012    
  0.253000021      0.500000000    
  0.231000006       1.50000000    
  0.208999991       1.20000005    
  0.186999977       1.29999995    
  0.164999962      0.899999976    
  0.143000007      0.800000012    
  0.120999992      0.500000000    
   9.89999771E-02  0.899999976    
   7.70000219E-02  0.699999988    
   5.49999475E-02  0.899999976    
   3.29999924E-02  0.600000024    
   1.10000372E-02   1.10000002    
  -1.10000372E-02   1.10000002    
  -3.29999924E-02  0.800000012    
  -5.50000668E-02  0.899999976    
  -7.70000219E-02   1.29999995    
  -9.89999771E-02  0.400000006    
 -0.121000051       1.10000002    
 -0.143000007      0.699999988    
 -0.164999962      0.699999988    
 -0.187000036      0.699999988    
 -0.208999991       1.20000005    
 -0.230999947      0.699999988    
 -0.253000021       1.10000002    
 -0.274999976       1.20000005    
 -0.297000051       1.00000000    
 -0.319000006       1.10000002    
 -0.340999961      0.899999976    
 -0.363000035      0.899999976    
 -0.384999990      0.899999976    
 -0.407000065      0.899999976    
 -0.429000020       1.00000000    
 -0.450999975      0.600000024    
 -0.473000050       1.50000000    
 -0.495000005      0.699999988    
 -0.516999960       1.70000005    
 -0.539000034       1.60000002    
 -0.560999990      0.800000012    
 -0.582999945      0.899999976    
 -0.605000019      0.899999976    
 -0.626999974      0.800000012    
 -0.649000049       1.10000002    
 -0.671000004      0.800000012    
 -0.692999959       1.00000000    
 -0.715000033      0.899999976    
 -0.736999989      0.500000000    
 -0.759000063      0.400000006    
 -0.781000018      0.500000000    
 -0.802999973       1.60000002    
 -0.825000048      0.899999976    
 -0.847000003       1.00000000    
 -0.868999958       1.10000002    
 -0.891000032       1.20000005    
 -0.913000107      0.800000012    
 -0.934999943       1.50000000    
 -0.957000017      0.600000024    
 -0.979000092      0.600000024    
  -1.00099993       1.39999998    
  -1.02300000       1.29999995    
  -1.04500008       1.20000005    
  -1.06699991       1.00000000    
  -1.08899999       1.10000002    
