   1.08899999      0.996469975    
   1.06700003       1.00109005    
   1.04499996      0.998080015    
   1.02300000      0.996039987    
   1.00099993       1.00320005    
  0.978999972       1.00251997    
  0.957000017      0.999580026    
  0.935000002       1.00184000    
  0.912999988      0.998679996    
  0.890999973      0.997359991    
  0.868999958       1.00339997    
  0.847000003      0.994799972    
  0.824999988       1.00164998    
  0.802999973       1.00185001    
  0.781000018      0.996389985    
  0.759000003       1.00071001    
  0.736999989      0.993849993    
  0.714999974      0.996940017    
  0.692999959       1.00004995    
  0.671000004      0.997550011    
  0.648999989       1.00055003    
  0.626999974       1.00066996    
  0.605000019       1.00125003    
  0.583000004      0.995549977    
  0.560999990       1.00378001    
  0.538999975      0.997349977    
  0.516999960      0.997860014    
  0.495000005       1.00193000    
  0.472999990       1.00010002    
  0.450999975       1.00136006    
  0.429000020      0.996609986    
  0.407000005       1.00379002    
  0.384999990      0.993939996    
  0.362999976       1.00063002    
  0.340999961       1.00130999    
  0.319000006       1.00239003    
  0.296999991      0.996980011    
  0.274999976       1.00089002    
  0.253000021       1.00160003    
  0.231000006       1.00633001    
  0.208999991       1.00138998    
  0.186999977       1.00525999    
  0.164999962       1.00133002    
  0.143000007       1.00487995    
  0.120999992      0.992020011    
   9.89999771E-02   1.00188005    
   7.70000219E-02  0.998399973    
   5.49999475E-02  0.999849975    
   3.29999924E-02   1.00246000    
   1.10000372E-02   1.00386000    
  -1.10000372E-02  0.997919977    
  -3.29999924E-02  0.998480022    
  -5.50000668E-02   1.00119996    
  -7.70000219E-02   1.00272000    
  -9.89999771E-02  0.997680008    
 -0.121000051       1.00455999    
 -0.143000007       1.00032997    
 -0.164999962      0.997189999    
 -0.187000036       1.00465000    
 -0.208999991      0.997950017    
 -0.230999947      0.995480001    
 -0.253000021       1.00057995    
 -0.274999976      0.998979986    
 -0.297000051      0.995090008    
 -0.319000006       1.00393999    
 -0.340999961       1.00488997    
 -0.363000035      0.997169971    
 -0.384999990       1.00586998    
 -0.407000065      0.995599985    
 -0.429000020      0.999870002    
 -0.450999975       1.00105000    
 -0.473000050      0.994750023    
 -0.495000005       1.00171006    
 -0.516999960       1.00124002    
 -0.539000034      0.996689975    
 -0.560999990       1.00127995    
 -0.582999945       1.00327003    
 -0.605000019      0.995469987    
 -0.626999974      0.997039974    
 -0.649000049       1.00549996    
 -0.671000004      0.999620020    
 -0.692999959      0.999459982    
 -0.715000033       1.00170004    
 -0.736999989      0.999800026    
 -0.759000063       1.00233996    
 -0.781000018       1.00072002    
 -0.802999973       1.00012004    
 -0.825000048      0.999310017    
 -0.847000003      0.999520004    
 -0.868999958       1.00170004    
 -0.891000032      0.998489976    
 -0.913000107      0.998719990    
 -0.934999943      0.993759990    
 -0.957000017      0.997020006    
 -0.979000092       1.00037003    
  -1.00099993       1.00332999    
  -1.02300000       1.00191998    
  -1.04500008       1.00414002    
  -1.06699991      0.999029994    
  -1.08899999       1.00252998    
