   1.08899999      0.990000010    
   1.06700003       1.01999998    
   1.04499996       1.00899994    
   1.02300000       1.06900001    
   1.00099993      0.981999993    
  0.978999972       1.00800002    
  0.957000017       1.04999995    
  0.935000002       1.06299996    
  0.912999988       1.05200005    
  0.890999973       1.03299999    
  0.868999958       1.00600004    
  0.847000003      0.980000019    
  0.824999988      0.992999971    
  0.802999973       1.00899994    
  0.781000018       1.04200006    
  0.759000003       1.00800002    
  0.736999989      0.981000006    
  0.714999974      0.985000014    
  0.692999959       1.01600003    
  0.671000004      0.982999980    
  0.648999989      0.961000025    
  0.626999974      0.962000012    
  0.605000019      0.958999991    
  0.583000004      0.966000021    
  0.560999990      0.976999998    
  0.538999975       1.01499999    
  0.516999960       1.04499996    
  0.495000005       1.00199997    
  0.472999990      0.958999991    
  0.450999975      0.945999980    
  0.429000020      0.981000006    
  0.407000005       1.00399995    
  0.384999990       1.00999999    
  0.362999976       1.00899994    
  0.340999961       1.03499997    
  0.319000006      0.950999975    
  0.296999991      0.984000027    
  0.274999976      0.981000006    
  0.253000021       1.04299998    
  0.231000006       1.03499997    
  0.208999991       1.01699996    
  0.186999977       1.02499998    
  0.164999962      0.958999991    
  0.143000007       1.04200006    
  0.120999992      0.977999985    
   9.89999771E-02   1.00500000    
   7.70000219E-02   1.04499996    
   5.49999475E-02  0.986999989    
   3.29999924E-02  0.921000004    
   1.10000372E-02  0.976999998    
  -1.10000372E-02  0.953999996    
  -3.29999924E-02   1.00100005    
  -5.50000668E-02  0.992999971    
  -7.70000219E-02  0.984000027    
  -9.89999771E-02   1.02499998    
 -0.121000051       1.01100004    
 -0.143000007      0.982999980    
 -0.164999962       1.01699996    
 -0.187000036      0.987999976    
 -0.208999991       1.07000005    
 -0.230999947      0.975000024    
 -0.253000021      0.954999983    
 -0.274999976      0.977999985    
 -0.297000051      0.980000019    
 -0.319000006      0.985000014    
 -0.340999961       1.01999998    
 -0.363000035       1.01100004    
 -0.384999990       1.00199997    
 -0.407000065      0.968999982    
 -0.429000020       1.04299998    
 -0.450999975      0.972999990    
 -0.473000050       1.03299999    
 -0.495000005       1.03499997    
 -0.516999960       1.00500000    
 -0.539000034       1.06599998    
 -0.560999990      0.949999988    
 -0.582999945       1.01100004    
 -0.605000019       1.02300000    
 -0.626999974       1.00199997    
 -0.649000049       1.01800001    
 -0.671000004      0.973999977    
 -0.692999959      0.958999991    
 -0.715000033       1.00399995    
 -0.736999989      0.976000011    
 -0.759000063       1.01900005    
 -0.781000018      0.967000008    
 -0.802999973       1.01400006    
 -0.825000048       1.02499998    
 -0.847000003       1.03299999    
 -0.868999958       1.00999999    
 -0.891000032       1.05400002    
 -0.913000107      0.941999972    
 -0.934999943      0.978999972    
 -0.957000017      0.990999997    
 -0.979000092      0.976999998    
  -1.00099993      0.995999992    
  -1.02300000       1.00600004    
  -1.04500008      0.981000006    
  -1.06699991      0.980000019    
  -1.08899999      0.992999971    
