   1.08899999      0.972999990    
   1.06700003      0.981000006    
   1.04499996       1.04400003    
   1.02300000       1.01499999    
   1.00099993       1.02600002    
  0.978999972      0.876999974    
  0.957000017       7.00000022E-03
  0.935000002       1.79999992E-02
  0.912999988       2.80000009E-02
  0.890999973       3.70000005E-02
  0.868999958       5.70000000E-02
  0.847000003       6.89999983E-02
  0.824999988       7.19999969E-02
  0.802999973       9.00000036E-02
  0.781000018      0.111000001    
  0.759000003      0.119000003    
  0.736999989      0.115000002    
  0.714999974      0.145999998    
  0.692999959      0.173999995    
  0.671000004      0.180000007    
  0.648999989      0.201000005    
  0.626999974      0.218999997    
  0.605000019      0.231999993    
  0.583000004      0.250000000    
  0.560999990      0.287999988    
  0.538999975      0.303000003    
  0.516999960      0.319000006    
  0.495000005      0.317999989    
  0.472999990      0.331999987    
  0.450999975      0.361000001    
  0.429000020      0.393999994    
  0.407000005      0.432000011    
  0.384999990      0.448000014    
  0.362999976      0.490000010    
  0.340999961      0.497000009    
  0.319000006      0.540000021    
  0.296999991      0.583000004    
  0.274999976      0.546000004    
  0.253000021      0.702000022    
  0.231000006      0.639999986    
  0.208999991      0.731000006    
  0.186999977      0.744000018    
  0.164999962      0.781000018    
  0.143000007      0.901000023    
  0.120999992      0.939000010    
   9.89999771E-02  0.966000021    
   7.70000219E-02   1.07500005    
   5.49999475E-02   1.22700000    
   3.29999924E-02   1.32000005    
   1.10000372E-02   2.10800004    
  -1.10000372E-02   2.65599990    
  -3.29999924E-02   2.38000011    
  -5.50000668E-02   2.18400002    
  -7.70000219E-02   2.06200004    
  -9.89999771E-02   1.96500003    
 -0.121000051       1.94900000    
 -0.143000007       1.87100005    
 -0.164999962       1.87800002    
 -0.187000036       1.75399995    
 -0.208999991       1.82799995    
 -0.230999947       1.72000003    
 -0.253000021       1.59099996    
 -0.274999976       1.59700000    
 -0.297000051       1.55499995    
 -0.319000006       1.52100003    
 -0.340999961       1.43700004    
 -0.363000035       1.52100003    
 -0.384999990       1.44299996    
 -0.407000065       1.42799997    
 -0.429000020       1.39800000    
 -0.450999975       1.37399995    
 -0.473000050       1.33000004    
 -0.495000005       1.36699998    
 -0.516999960       1.28400004    
 -0.539000034       1.24199998    
 -0.560999990       1.27999997    
 -0.582999945       1.26999998    
 -0.605000019       1.21800005    
 -0.626999974       1.19700003    
 -0.649000049       1.18200004    
 -0.671000004       1.16199994    
 -0.692999959       1.21300006    
 -0.715000033       1.11399996    
 -0.736999989       1.19799995    
 -0.759000063       1.08099997    
 -0.781000018       1.16900003    
 -0.802999973       1.06299996    
 -0.825000048       1.05200005    
 -0.847000003       1.02900004    
 -0.868999958       1.03600001    
 -0.891000032       1.07599998    
 -0.913000107       1.03799999    
 -0.934999943      0.991999984    
 -0.957000017       1.02199996    
 -0.979000092       1.02300000    
  -1.00099993      0.984000027    
  -1.02300000      0.971000016    
  -1.04500008      0.990000010    
  -1.06699991      0.947000027    
  -1.08899999      0.984000027    
