   1.08899999       1.07900000    
   1.06700003       1.01699996    
   1.04499996      0.990999997    
   1.02300000       1.00300002    
   1.00099993       1.03999996    
  0.978999972      0.949000001    
  0.957000017       0.00000000    
  0.935000002       0.00000000    
  0.912999988       1.09999999E-02
  0.890999973       7.00000022E-03
  0.868999958       1.60000008E-02
  0.847000003       1.99999996E-02
  0.824999988       1.89999994E-02
  0.802999973       4.50000018E-02
  0.781000018       5.40000014E-02
  0.759000003       6.30000010E-02
  0.736999989       7.99999982E-02
  0.714999974       8.29999968E-02
  0.692999959      0.109999999    
  0.671000004      0.130999997    
  0.648999989      0.159999996    
  0.626999974      0.162000000    
  0.605000019      0.211999997    
  0.583000004      0.221000001    
  0.560999990      0.250999987    
  0.538999975      0.277000010    
  0.516999960      0.323000014    
  0.495000005      0.324000001    
  0.472999990      0.379999995    
  0.450999975      0.428000003    
  0.429000020      0.456000000    
  0.407000005      0.474999994    
  0.384999990      0.546999991    
  0.362999976      0.564999998    
  0.340999961      0.617999971    
  0.319000006      0.666000009    
  0.296999991      0.736000001    
  0.274999976      0.787999988    
  0.253000021      0.810999990    
  0.231000006      0.884999990    
  0.208999991      0.913999975    
  0.186999977      0.961000025    
  0.164999962       1.08700001    
  0.143000007       1.16400003    
  0.120999992       1.10099995    
   9.89999771E-02   1.24000001    
   7.70000219E-02   1.32700002    
   5.49999475E-02   1.38499999    
   3.29999924E-02   1.42700005    
   1.10000372E-02   1.78400004    
  -1.10000372E-02   2.00500011    
  -3.29999924E-02   1.97500002    
  -5.50000668E-02   1.95299995    
  -7.70000219E-02   1.95799994    
  -9.89999771E-02   1.88600004    
 -0.121000051       1.89100003    
 -0.143000007       1.83099997    
 -0.164999962       1.72099996    
 -0.187000036       1.74500000    
 -0.208999991       1.70000005    
 -0.230999947       1.62699997    
 -0.253000021       1.64100003    
 -0.274999976       1.56099999    
 -0.297000051       1.52699995    
 -0.319000006       1.54999995    
 -0.340999961       1.48099995    
 -0.363000035       1.37800002    
 -0.384999990       1.41900003    
 -0.407000065       1.40499997    
 -0.429000020       1.34200001    
 -0.450999975       1.30200005    
 -0.473000050       1.26199996    
 -0.495000005       1.26100004    
 -0.516999960       1.27800000    
 -0.539000034       1.28199995    
 -0.560999990       1.14800000    
 -0.582999945       1.20200002    
 -0.605000019       1.13900006    
 -0.626999974       1.11399996    
 -0.649000049       1.11199999    
 -0.671000004       1.09700000    
 -0.692999959       1.09800005    
 -0.715000033       1.06500006    
 -0.736999989       1.03100002    
 -0.759000063       1.01400006    
 -0.781000018       1.03199995    
 -0.802999973       1.01499999    
 -0.825000048      0.978999972    
 -0.847000003       1.06599998    
 -0.868999958      0.958000004    
 -0.891000032       1.02999997    
 -0.913000107       1.01100004    
 -0.934999943      0.992999971    
 -0.957000017       1.02900004    
 -0.979000092      0.976000011    
  -1.00099993       1.02699995    
  -1.02300000       1.00899994    
  -1.04500008      0.996999979    
  -1.06699991      0.977999985    
  -1.08899999       1.04400003    
