   1.08899999      0.997979999    
   1.06700003       1.00214005    
   1.04499996      0.998820007    
   1.02300000      0.998480022    
   1.00099993       1.00290000    
  0.978999972      0.901809990    
  0.957000017       4.90000006E-04
  0.935000002       2.33000005E-03
  0.912999988       5.65000018E-03
  0.890999973       1.03700003E-02
  0.868999958       1.47900004E-02
  0.847000003       2.16300003E-02
  0.824999988       3.09699997E-02
  0.802999973       3.90099995E-02
  0.781000018       5.16799986E-02
  0.759000003       6.25099987E-02
  0.736999989       7.55499974E-02
  0.714999974       9.21100006E-02
  0.692999959      0.109609999    
  0.671000004      0.125960007    
  0.648999989      0.150199994    
  0.626999974      0.170090005    
  0.605000019      0.195510000    
  0.583000004      0.219209999    
  0.560999990      0.247960001    
  0.538999975      0.275119990    
  0.516999960      0.306919992    
  0.495000005      0.334509999    
  0.472999990      0.374850005    
  0.450999975      0.406140000    
  0.429000020      0.445340008    
  0.407000005      0.486690015    
  0.384999990      0.526950002    
  0.362999976      0.576259971    
  0.340999961      0.623989999    
  0.319000006      0.671689987    
  0.296999991      0.719969988    
  0.274999976      0.774110019    
  0.253000021      0.829500020    
  0.231000006      0.885919988    
  0.208999991      0.943889976    
  0.186999977      0.997799993    
  0.164999962       1.06351995    
  0.143000007       1.12396002    
  0.120999992       1.18780994    
   9.89999771E-02   1.25292003    
   7.70000219E-02   1.31971002    
   5.49999475E-02   1.37764001    
   3.29999924E-02   1.43087006    
   1.10000372E-02   1.71610999    
  -1.10000372E-02   1.98465002    
  -3.29999924E-02   1.96765006    
  -5.50000668E-02   1.93510997    
  -7.70000219E-02   1.90658998    
  -9.89999771E-02   1.86849999    
 -0.121000051       1.83497000    
 -0.143000007       1.80127001    
 -0.164999962       1.76034999    
 -0.187000036       1.72308004    
 -0.208999991       1.70106006    
 -0.230999947       1.65576005    
 -0.253000021       1.61690998    
 -0.274999976       1.59255004    
 -0.297000051       1.55233002    
 -0.319000006       1.51348996    
 -0.340999961       1.48294997    
 -0.363000035       1.46063995    
 -0.384999990       1.41889000    
 -0.407000065       1.39550996    
 -0.429000020       1.36198997    
 -0.450999975       1.33079004    
 -0.473000050       1.30351996    
 -0.495000005       1.27952003    
 -0.516999960       1.25715995    
 -0.539000034       1.23477006    
 -0.560999990       1.20676994    
 -0.582999945       1.18499005    
 -0.605000019       1.16640997    
 -0.626999974       1.14849997    
 -0.649000049       1.13060999    
 -0.671000004       1.10897005    
 -0.692999959       1.09826005    
 -0.715000033       1.08800006    
 -0.736999989       1.07418001    
 -0.759000063       1.05590999    
 -0.781000018       1.04533994    
 -0.802999973       1.03748000    
 -0.825000048       1.02777004    
 -0.847000003       1.01872003    
 -0.868999958       1.01077998    
 -0.891000032       1.01312006    
 -0.913000107       1.01099002    
 -0.934999943       1.00476003    
 -0.957000017       1.00373995    
 -0.979000092      0.994369984    
  -1.00099993      0.994300008    
  -1.02300000      0.998910010    
  -1.04500008      0.996190012    
  -1.06699991       1.00300002    
  -1.08899999      0.993719995    
