   1.08899999      0.939999998    
   1.06700003       1.13999999    
   1.04499996       1.11000001    
   1.02300000      0.970000029    
   1.00099993      0.860000014    
  0.978999972      0.750000000    
  0.957000017       0.00000000    
  0.935000002       0.00000000    
  0.912999988       0.00000000    
  0.890999973       0.00000000    
  0.868999958       1.99999996E-02
  0.847000003       1.99999996E-02
  0.824999988       9.99999978E-03
  0.802999973       9.99999978E-03
  0.781000018       9.00000036E-02
  0.759000003       9.00000036E-02
  0.736999989       9.00000036E-02
  0.714999974       9.00000036E-02
  0.692999959       5.00000007E-02
  0.671000004       9.00000036E-02
  0.648999989      0.150000006    
  0.626999974      0.230000004    
  0.605000019      0.230000004    
  0.583000004      0.170000002    
  0.560999990      0.209999993    
  0.538999975      0.200000003    
  0.516999960      0.340000004    
  0.495000005      0.419999987    
  0.472999990      0.389999986    
  0.450999975      0.409999996    
  0.429000020      0.460000008    
  0.407000005      0.469999999    
  0.384999990      0.610000014    
  0.362999976      0.660000026    
  0.340999961      0.709999979    
  0.319000006      0.660000026    
  0.296999991      0.759999990    
  0.274999976      0.870000005    
  0.253000021      0.819999993    
  0.231000006      0.920000017    
  0.208999991       1.01999998    
  0.186999977      0.860000014    
  0.164999962       1.08000004    
  0.143000007       1.08000004    
  0.120999992       1.17999995    
   9.89999771E-02   1.28999996    
   7.70000219E-02   1.13999999    
   5.49999475E-02   1.26999998    
   3.29999924E-02   1.32000005    
   1.10000372E-02   1.66999996    
  -1.10000372E-02   2.10999990    
  -3.29999924E-02   2.05999994    
  -5.50000668E-02   1.72000003    
  -7.70000219E-02   1.75999999    
  -9.89999771E-02   1.92999995    
 -0.121000051       1.77999997    
 -0.143000007       2.00999999    
 -0.164999962       1.74000001    
 -0.187000036       1.82000005    
 -0.208999991       1.65999997    
 -0.230999947       1.64999998    
 -0.253000021       1.74000001    
 -0.274999976       1.49000001    
 -0.297000051       1.60000002    
 -0.319000006       1.63000000    
 -0.340999961       1.27999997    
 -0.363000035       1.38000000    
 -0.384999990       1.29999995    
 -0.407000065       1.42999995    
 -0.429000020       1.37000000    
 -0.450999975       1.29999995    
 -0.473000050       1.20000005    
 -0.495000005       1.26999998    
 -0.516999960       1.20000005    
 -0.539000034       1.22000003    
 -0.560999990       1.34000003    
 -0.582999945       1.15999997    
 -0.605000019       1.25000000    
 -0.626999974       1.37000000    
 -0.649000049       1.13999999    
 -0.671000004       1.09000003    
 -0.692999959       1.27999997    
 -0.715000033       1.23000002    
 -0.736999989       1.13999999    
 -0.759000063       1.08000004    
 -0.781000018       1.12000000    
 -0.802999973      0.970000029    
 -0.825000048       1.05999994    
 -0.847000003      0.930000007    
 -0.868999958      0.860000014    
 -0.891000032      0.970000029    
 -0.913000107       1.00999999    
 -0.934999943       1.08000004    
 -0.957000017       1.03999996    
 -0.979000092      0.970000029    
  -1.00099993       1.19000006    
  -1.02300000       1.00999999    
  -1.04500008       1.13000000    
  -1.06699991      0.949999988    
  -1.08899999      0.829999983    
