   1.08899999       1.00610006    
   1.06700003      0.994700015    
   1.04499996       1.01020002    
   1.02300000       1.00870001    
   1.00099993       1.01400006    
  0.978999972      0.898199975    
  0.957000017       6.00000028E-04
  0.935000002       2.89999996E-03
  0.912999988       5.79999993E-03
  0.890999973       8.89999978E-03
  0.868999958       1.42999999E-02
  0.847000003       2.08999999E-02
  0.824999988       2.87999995E-02
  0.802999973       3.92000005E-02
  0.781000018       5.11000007E-02
  0.759000003       6.23000003E-02
  0.736999989       8.13999996E-02
  0.714999974       9.36999992E-02
  0.692999959      0.106799997    
  0.671000004      0.125699997    
  0.648999989      0.148599997    
  0.626999974      0.173600003    
  0.605000019      0.194499999    
  0.583000004      0.221900001    
  0.560999990      0.241999999    
  0.538999975      0.281100005    
  0.516999960      0.301400006    
  0.495000005      0.340499997    
  0.472999990      0.378500015    
  0.450999975      0.418000013    
  0.429000020      0.458000004    
  0.407000005      0.484499991    
  0.384999990      0.521000028    
  0.362999976      0.578000009    
  0.340999961      0.607800007    
  0.319000006      0.672900021    
  0.296999991      0.720700026    
  0.274999976      0.772499979    
  0.253000021      0.823899984    
  0.231000006      0.885699987    
  0.208999991      0.953999996    
  0.186999977       1.00419998    
  0.164999962       1.06089997    
  0.143000007       1.12010002    
  0.120999992       1.17639995    
   9.89999771E-02   1.25139999    
   7.70000219E-02   1.31159997    
   5.49999475E-02   1.38820004    
   3.29999924E-02   1.42470002    
   1.10000372E-02   1.71290004    
  -1.10000372E-02   1.99349999    
  -3.29999924E-02   1.96840000    
  -5.50000668E-02   1.93820000    
  -7.70000219E-02   1.88479996    
  -9.89999771E-02   1.87409997    
 -0.121000051       1.83229995    
 -0.143000007       1.80079997    
 -0.164999962       1.75829995    
 -0.187000036       1.73029995    
 -0.208999991       1.67970002    
 -0.230999947       1.65810001    
 -0.253000021       1.61889994    
 -0.274999976       1.56019998    
 -0.297000051       1.56470001    
 -0.319000006       1.51199996    
 -0.340999961       1.50580001    
 -0.363000035       1.45969999    
 -0.384999990       1.43069994    
 -0.407000065       1.38859999    
 -0.429000020       1.36199999    
 -0.450999975       1.32879996    
 -0.473000050       1.29439998    
 -0.495000005       1.30499995    
 -0.516999960       1.23689997    
 -0.539000034       1.23860002    
 -0.560999990       1.20319998    
 -0.582999945       1.17680001    
 -0.605000019       1.18229997    
 -0.626999974       1.15120006    
 -0.649000049       1.13230002    
 -0.671000004       1.11650002    
 -0.692999959       1.09440005    
 -0.715000033       1.08449996    
 -0.736999989       1.04849994    
 -0.759000063       1.05270004    
 -0.781000018       1.05139995    
 -0.802999973       1.03719997    
 -0.825000048       1.04929996    
 -0.847000003       1.02869999    
 -0.868999958       1.01460004    
 -0.891000032       1.00129998    
 -0.913000107       1.00839996    
 -0.934999943      0.990700006    
 -0.957000017      0.994499981    
 -0.979000092      0.993600011    
  -1.00099993      0.995999992    
  -1.02300000       1.01610005    
  -1.04500008       1.00070000    
  -1.06699991      0.995800018    
  -1.08899999      0.985599995    
