   1.08899999       1.00000000    
   1.06700003      0.995000005    
   1.04499996      0.989000022    
   1.02300000       1.02600002    
   1.00099993       1.02400005    
  0.978999972      0.916999996    
  0.957000017       1.00000005E-03
  0.935000002       3.00000003E-03
  0.912999988       8.99999961E-03
  0.890999973       8.00000038E-03
  0.868999958       1.99999996E-02
  0.847000003       2.09999997E-02
  0.824999988       2.50000004E-02
  0.802999973       4.60000001E-02
  0.781000018       4.10000011E-02
  0.759000003       5.40000014E-02
  0.736999989       6.40000030E-02
  0.714999974       8.50000009E-02
  0.692999959      0.116999999    
  0.671000004      0.136000007    
  0.648999989      0.141000003    
  0.626999974      0.174999997    
  0.605000019      0.169000000    
  0.583000004      0.187999994    
  0.560999990      0.246999994    
  0.538999975      0.273999989    
  0.516999960      0.270000011    
  0.495000005      0.365999997    
  0.472999990      0.382999986    
  0.450999975      0.418000013    
  0.429000020      0.448000014    
  0.407000005      0.483000010    
  0.384999990      0.507000029    
  0.362999976      0.559000015    
  0.340999961      0.588999987    
  0.319000006      0.684000015    
  0.296999991      0.740000010    
  0.274999976      0.757000029    
  0.253000021      0.880999982    
  0.231000006      0.907999992    
  0.208999991      0.907999992    
  0.186999977       1.00899994    
  0.164999962       1.07500005    
  0.143000007       1.07200003    
  0.120999992       1.20000005    
   9.89999771E-02   1.22000003    
   7.70000219E-02   1.32799995    
   5.49999475E-02   1.36199999    
   3.29999924E-02   1.45500004    
   1.10000372E-02   1.66799998    
  -1.10000372E-02   1.94099998    
  -3.29999924E-02   1.89199996    
  -5.50000668E-02   1.89600003    
  -7.70000219E-02   1.95700002    
  -9.89999771E-02   1.92200005    
 -0.121000051       1.83099997    
 -0.143000007       1.74399996    
 -0.164999962       1.78199995    
 -0.187000036       1.75399995    
 -0.208999991       1.71899998    
 -0.230999947       1.57700002    
 -0.253000021       1.58599997    
 -0.274999976       1.57000005    
 -0.297000051       1.54100001    
 -0.319000006       1.50399995    
 -0.340999961       1.53299999    
 -0.363000035       1.48500001    
 -0.384999990       1.41900003    
 -0.407000065       1.42299998    
 -0.429000020       1.36699998    
 -0.450999975       1.37800002    
 -0.473000050       1.28100002    
 -0.495000005       1.31200004    
 -0.516999960       1.26800001    
 -0.539000034       1.24399996    
 -0.560999990       1.19099998    
 -0.582999945       1.14900005    
 -0.605000019       1.17499995    
 -0.626999974       1.16100001    
 -0.649000049       1.12899995    
 -0.671000004       1.07299995    
 -0.692999959       1.05499995    
 -0.715000033       1.09399998    
 -0.736999989       1.03199995    
 -0.759000063       1.02100003    
 -0.781000018       1.05599999    
 -0.802999973       1.02100003    
 -0.825000048       1.03999996    
 -0.847000003       1.00100005    
 -0.868999958       1.04299998    
 -0.891000032       1.03699994    
 -0.913000107       1.00500000    
 -0.934999943       1.00199997    
 -0.957000017       1.00600004    
 -0.979000092      0.998000026    
  -1.00099993       1.08599997    
  -1.02300000       1.01400006    
  -1.04500008       1.03199995    
  -1.06699991       1.00899994    
  -1.08899999       1.00999999    
